   9.3600000e+02  -2.1200000e+02  -2.6900000e+02
   9.5000000e+02  -2.0700000e+02  -2.5800000e+02
   9.2800000e+02  -2.9000000e+02  -2.6100000e+02
   9.4100000e+02  -2.2400000e+02  -2.5000000e+02
   9.4100000e+02  -2.2400000e+02  -2.5000000e+02
   9.1100000e+02  -7.3000000e+01  -2.0200000e+02
   8.7600000e+02  -5.5000000e+01   1.8600000e+02
   6.1600000e+02  -5.3000000e+01   5.3000000e+02
   8.5700000e+02  -1.0100000e+02   5.7500000e+02
   9.3600000e+02  -3.5800000e+02   2.7000000e+02
   8.8900000e+02  -2.4000000e+02   7.3000000e+01
   9.2300000e+02  -3.2200000e+02  -1.6600000e+02
   9.0500000e+02  -1.7000000e+02  -2.2200000e+02
   9.2700000e+02  -2.8500000e+02  -2.8300000e+02
   9.9700000e+02  -2.3200000e+02  -3.4500000e+02
   9.9300000e+02  -8.0000000e+01  -2.8100000e+02
   1.0650000e+03  -1.3300000e+02  -7.4000000e+01
   8.7600000e+02  -6.3000000e+01   2.6100000e+02
   6.8800000e+02  -2.3000000e+01   5.0200000e+02
   8.0100000e+02  -7.1000000e+01   5.8500000e+02
   1.0630000e+03  -3.2400000e+02   2.4100000e+02
   9.3300000e+02  -3.5400000e+02   1.0800000e+02
   9.7300000e+02  -2.9700000e+02  -1.3000000e+01
   9.6300000e+02  -2.1400000e+02  -1.4900000e+02
   9.4400000e+02  -2.6700000e+02  -1.6300000e+02
   1.0830000e+03  -2.0500000e+02  -3.3000000e+02
   1.0830000e+03  -2.0500000e+02  -3.3000000e+02
   9.7900000e+02  -7.0000000e+00   1.4400000e+02
   7.2800000e+02  -4.6000000e+01   6.1300000e+02
   6.3000000e+02   2.9000000e+01   7.3700000e+02
   5.9400000e+02  -8.5000000e+01   8.5500000e+02
   8.6900000e+02  -2.3600000e+02   4.2000000e+02
   9.1900000e+02  -3.7800000e+02   1.3700000e+02
   9.6500000e+02  -2.1900000e+02  -5.8000000e+01
   9.2500000e+02  -2.6600000e+02  -1.8200000e+02
   9.6700000e+02  -2.6300000e+02  -2.6800000e+02
   1.0970000e+03  -2.5300000e+02  -2.7600000e+02
   1.0970000e+03  -2.5300000e+02  -2.7600000e+02
   9.0200000e+02  -1.1400000e+02   2.5100000e+02
   6.5100000e+02  -1.0400000e+02   5.6200000e+02
   7.5600000e+02  -1.5300000e+02   7.7300000e+02
   8.9400000e+02  -1.9700000e+02   4.6800000e+02
   9.5300000e+02  -2.9200000e+02   2.2400000e+02
   9.2000000e+02  -2.6400000e+02   4.0000000e+00
   9.0600000e+02  -2.7200000e+02  -3.1100000e+02
   8.8200000e+02  -8.2000000e+01  -4.2800000e+02
   9.2000000e+02  -3.0000000e+02  -4.4000000e+02
   9.2000000e+02  -3.0000000e+02  -4.4000000e+02
   9.7400000e+02  -1.7500000e+02  -2.7000000e+01
   7.6300000e+02  -1.4800000e+02   3.4300000e+02
   6.0500000e+02  -6.3000000e+01   5.4300000e+02
   8.2300000e+02  -1.6500000e+02   4.7400000e+02
   1.0170000e+03  -4.0000000e+02   1.5300000e+02
   9.4400000e+02  -3.7800000e+02  -1.5500000e+02
   9.8000000e+02  -1.7400000e+02  -1.7300000e+02
   9.1800000e+02  -2.7000000e+02  -3.5800000e+02
   1.0160000e+03  -1.2000000e+02  -3.4300000e+02
   1.0160000e+03  -1.2000000e+02  -3.4300000e+02
   9.3000000e+02  -1.5000000e+02   8.1000000e+01
   7.9200000e+02  -1.7700000e+02   4.1700000e+02
   6.5900000e+02  -7.2000000e+01   6.6000000e+02
   8.7000000e+02  -2.1700000e+02   5.0200000e+02
   9.4800000e+02  -2.9700000e+02   1.7300000e+02
   9.7200000e+02  -2.1700000e+02  -2.2000000e+01
   9.1400000e+02  -2.3000000e+02  -2.5700000e+02
   9.1400000e+02  -2.3000000e+02  -2.5700000e+02
   9.1400000e+02  -2.3000000e+02  -2.5700000e+02
   9.8300000e+02  -1.3700000e+02   2.4100000e+02
   6.6600000e+02  -1.8700000e+02   5.6300000e+02
   7.5200000e+02  -3.2400000e+02   7.6300000e+02
   8.8000000e+02  -1.8300000e+02   5.3000000e+02
   9.4200000e+02  -1.2100000e+02   2.0800000e+02
   9.5600000e+02  -3.3900000e+02   1.0200000e+02
   9.5800000e+02  -2.0800000e+02  -1.3700000e+02
   9.9700000e+02  -3.9200000e+02  -2.2000000e+02
   9.9400000e+02  -1.5800000e+02  -3.1800000e+02
   9.4100000e+02  -2.6900000e+02  -2.3700000e+02
   1.0620000e+03  -3.1400000e+02  -1.1000000e+01
   8.1400000e+02   3.1000000e+01   3.9600000e+02
   8.1100000e+02  -1.3200000e+02   1.0260000e+03
   8.3000000e+02  -1.9000000e+02   5.1200000e+02
   1.0240000e+03  -3.2900000e+02   1.9400000e+02
   9.1800000e+02  -2.7600000e+02   1.1300000e+02
   9.1800000e+02  -2.4500000e+02  -3.6000000e+01
   9.7500000e+02  -2.6300000e+02  -1.8700000e+02
   9.7500000e+02  -2.6300000e+02  -1.8700000e+02
   9.7500000e+02  -2.6300000e+02  -1.8700000e+02
   8.0400000e+02   6.1000000e+01   1.9100000e+02
   5.8400000e+02  -1.6500000e+02   6.1400000e+02
   9.9900000e+02  -1.3000000e+01   9.7100000e+02
   7.4000000e+02  -4.9000000e+01   6.7100000e+02
   1.0020000e+03  -3.4100000e+02   2.9400000e+02
   9.7600000e+02  -3.9100000e+02  -2.6000000e+01
   1.0560000e+03  -1.8000000e+01   3.0000000e+00
   9.0100000e+02  -3.6200000e+02  -1.4900000e+02
   9.9500000e+02  -2.9900000e+02  -2.2200000e+02
