   9.0900000e+02  -7.7000000e+01  -3.4300000e+02
   9.0400000e+02  -2.3300000e+02  -3.5200000e+02
   9.3000000e+02  -1.6100000e+02  -2.5300000e+02
   9.4000000e+02  -1.6400000e+02  -3.8200000e+02
   9.2000000e+02  -5.4000000e+01  -4.9900000e+02
   1.0630000e+03  -4.4000000e+01  -1.3700000e+02
   8.9000000e+02  -1.9400000e+02   2.7200000e+02
   6.7900000e+02  -1.1700000e+02   4.7700000e+02
   8.1400000e+02  -1.3100000e+02   5.7600000e+02
   1.0250000e+03  -3.3400000e+02   1.8200000e+02
   9.6900000e+02  -2.9000000e+02   4.6000000e+01
   1.0600000e+03  -2.8000000e+02   2.1000000e+01
   9.0900000e+02  -2.5800000e+02  -3.2900000e+02
   9.0900000e+02  -2.5800000e+02  -3.2900000e+02
   9.0900000e+02  -2.5800000e+02  -3.2900000e+02
   9.8400000e+02  -4.3000000e+01   9.5000000e+01
   6.4400000e+02  -1.7000000e+01   4.1500000e+02
   8.3400000e+02  -7.5000000e+01   5.6800000e+02
   1.0190000e+03  -4.0700000e+02   2.7700000e+02
   9.3300000e+02  -4.0900000e+02   7.0000000e+01
   1.0080000e+03  -2.3100000e+02  -8.9000000e+01
   9.2200000e+02  -3.0100000e+02  -2.4400000e+02
   9.2200000e+02  -3.0100000e+02  -2.4400000e+02
   1.0450000e+03   4.0000000e+01  -5.1000000e+01
   1.0750000e+03   6.4000000e+01   9.1000000e+01
   6.9100000e+02  -2.4000000e+02   4.7100000e+02
   6.9100000e+02  -2.4000000e+02   4.7100000e+02
   7.5100000e+02  -1.4400000e+02   6.3400000e+02
   1.0330000e+03  -4.3600000e+02   1.2200000e+02
   9.6600000e+02  -9.1000000e+01  -1.4000000e+02
   9.9900000e+02  -2.6100000e+02  -4.5000000e+01
   8.8900000e+02  -2.4500000e+02  -2.9200000e+02
   9.2000000e+02  -3.2100000e+02  -2.1300000e+02
   9.2000000e+02  -3.2100000e+02  -2.1300000e+02
   9.2800000e+02  -1.5600000e+02   1.6400000e+02
   5.9700000e+02  -1.6400000e+02   5.0300000e+02
   7.2800000e+02  -1.2600000e+02   6.6300000e+02
   7.7400000e+02  -1.4000000e+02   6.4100000e+02
   9.4200000e+02  -2.2600000e+02   2.5900000e+02
   8.4500000e+02  -6.6700000e+02   7.3000000e+01
   8.8900000e+02  -3.5900000e+02  -1.4600000e+02
   9.4000000e+02  -2.2200000e+02  -3.2100000e+02
   1.0610000e+03  -2.3000000e+02  -2.4300000e+02
   1.0610000e+03  -2.3000000e+02  -2.4300000e+02
   9.2100000e+02  -1.1000000e+02   3.2200000e+02
   6.3500000e+02  -1.6900000e+02   5.4100000e+02
   7.0200000e+02  -1.8300000e+02   6.6200000e+02
   9.5500000e+02  -3.6300000e+02   2.6800000e+02
   9.6400000e+02  -1.9600000e+02   8.0000000e+00
   1.0450000e+03  -2.2900000e+02  -5.9000000e+01
   9.2200000e+02  -2.3300000e+02  -3.4900000e+02
   9.2100000e+02  -3.2000000e+02  -3.2300000e+02
   9.2100000e+02  -3.2000000e+02  -3.2300000e+02
   9.9200000e+02  -1.6400000e+02   1.7100000e+02
   7.4400000e+02  -1.6500000e+02   4.5300000e+02
   8.0700000e+02  -7.6000000e+01   7.3600000e+02
   9.0400000e+02  -2.1200000e+02   3.8400000e+02
   9.2100000e+02  -3.9400000e+02   8.7000000e+01
   9.5600000e+02  -2.6400000e+02  -1.6000000e+02
   1.0180000e+03  -1.3300000e+02  -1.0900000e+02
   9.9400000e+02  -1.7200000e+02  -1.6100000e+02
   9.9400000e+02  -1.7200000e+02  -1.6100000e+02
   1.0030000e+03  -2.4200000e+02  -1.3900000e+02
   8.3000000e+02  -1.8000000e+02   2.9400000e+02
   6.6000000e+02  -8.5000000e+01   5.0200000e+02
   7.4300000e+02  -9.2000000e+01   6.3600000e+02
   1.0440000e+03  -3.2900000e+02   1.0200000e+02
   9.8600000e+02  -2.4900000e+02  -1.6000000e+01
   9.1200000e+02  -2.7000000e+02  -3.4200000e+02
   9.7600000e+02  -2.8600000e+02  -2.4300000e+02
   9.7600000e+02  -2.8600000e+02  -2.4300000e+02
   9.7600000e+02  -2.8600000e+02  -2.4300000e+02
   8.8000000e+02  -9.3000000e+01   2.2200000e+02
   6.2900000e+02  -1.1200000e+02   5.5600000e+02
   7.8300000e+02  -2.3600000e+02   6.0700000e+02
   9.5500000e+02  -2.9100000e+02   1.7100000e+02
   9.6500000e+02  -3.2900000e+02   4.4000000e+01
   1.0270000e+03  -3.5200000e+02  -1.4700000e+02
   9.3300000e+02  -8.8000000e+01  -3.6700000e+02
   1.0140000e+03  -2.4700000e+02  -4.0700000e+02
   1.0140000e+03  -2.4700000e+02  -4.0700000e+02
   1.0140000e+03  -2.4700000e+02  -4.0700000e+02
   6.1600000e+02  -4.5000000e+01   4.1100000e+02
   7.2000000e+02   7.7000000e+01   7.9500000e+02
   8.3500000e+02  -2.4300000e+02   5.2000000e+02
   9.2300000e+02  -3.5000000e+02   1.7600000e+02
   9.3400000e+02  -4.0800000e+02   3.0000000e+00
   9.5800000e+02  -3.6100000e+02  -8.9000000e+01
   9.5100000e+02  -2.5200000e+02  -2.8900000e+02
   1.0510000e+03  -1.5700000e+02   6.9000000e+01
   1.0970000e+03  -7.1000000e+01   5.5000000e+01
   7.5900000e+02  -9.4000000e+01   3.9600000e+02
   8.3000000e+02  -1.5700000e+02   8.4800000e+02
   6.9300000e+02  -8.5000000e+01   6.4900000e+02
   9.9700000e+02  -3.7900000e+02   2.5900000e+02
   8.9300000e+02  -2.4600000e+02   8.8000000e+01
