   1.0720000e+03  -2.7000000e+01   3.2000000e+01
   9.1700000e+02  -9.1000000e+01   3.4100000e+02
   7.0000000e+02  -7.7000000e+01   5.5700000e+02
   7.7900000e+02  -4.3000000e+01   6.8100000e+02
   9.8100000e+02  -1.6500000e+02   4.1500000e+02
   9.5900000e+02  -2.4000000e+02   1.0400000e+02
   9.8100000e+02  -1.0000000e+02  -6.6000000e+01
   9.0800000e+02  -2.2900000e+02  -1.0700000e+02
   1.0910000e+03  -2.5300000e+02  -2.8600000e+02
   1.0910000e+03  -2.5300000e+02  -2.8600000e+02
   8.3400000e+02  -8.3000000e+01   2.5000000e+02
   6.6100000e+02  -2.1000000e+01   5.9100000e+02
   5.3600000e+02   5.6000000e+01   5.8500000e+02
   7.2200000e+02  -1.7300000e+02   6.5100000e+02
   9.2700000e+02  -3.6300000e+02   3.2700000e+02
   9.5000000e+02  -3.8900000e+02   7.5000000e+01
   9.9800000e+02  -2.1800000e+02  -6.0000000e+00
   9.3000000e+02  -2.7900000e+02  -1.9400000e+02
   8.9600000e+02  -2.4100000e+02  -3.6300000e+02
   8.9600000e+02  -2.4100000e+02  -3.6300000e+02
   8.9600000e+02  -2.4100000e+02  -3.6300000e+02
   7.4700000e+02  -1.0900000e+02   2.3000000e+01
   6.2000000e+02  -1.4000000e+02   5.3300000e+02
   7.4100000e+02  -1.7100000e+02   6.3100000e+02
   9.4800000e+02  -1.7300000e+02   4.1300000e+02
   9.8200000e+02  -3.7500000e+02   9.1000000e+01
   8.7400000e+02  -3.7700000e+02  -1.9100000e+02
   9.7500000e+02  -2.1200000e+02  -9.9000000e+01
   9.2200000e+02  -2.2500000e+02  -2.7200000e+02
   1.0870000e+03   6.1000000e+01  -1.2700000e+02
   1.0220000e+03  -1.0900000e+02   2.8000000e+01
   9.0500000e+02  -1.5700000e+02   4.0300000e+02
   6.7300000e+02  -8.0000000e+01   5.9800000e+02
   6.3800000e+02  -2.0600000e+02   6.7700000e+02
   1.0100000e+03  -2.2800000e+02   3.2800000e+02
   9.9500000e+02  -1.7300000e+02   2.4000000e+01
   9.7900000e+02  -3.8300000e+02  -1.0700000e+02
   9.3000000e+02  -2.2300000e+02  -1.7800000e+02
   9.7400000e+02  -1.8700000e+02  -2.6800000e+02
   1.0920000e+03  -2.2000000e+01  -2.3300000e+02
   1.0920000e+03  -2.2000000e+01  -2.3300000e+02
   9.3100000e+02  -8.6000000e+01   7.4000000e+01
   8.5100000e+02  -1.7000000e+01   3.9500000e+02
   6.1500000e+02   3.0000000e+01   7.3700000e+02
   9.4000000e+02  -1.4400000e+02   4.4400000e+02
   1.0020000e+03  -5.0900000e+02   1.0100000e+02
   9.6000000e+02  -1.2500000e+02  -7.4000000e+01
   1.0340000e+03  -2.7500000e+02  -8.6000000e+01
   9.7900000e+02  -2.0000000e+02  -3.0300000e+02
   9.4200000e+02  -2.0900000e+02  -4.1000000e+02
   1.0100000e+03   3.0000000e+00  -4.9800000e+02
   9.5100000e+02  -1.8600000e+02  -1.5100000e+02
   8.8000000e+02  -1.5400000e+02   3.0800000e+02
   7.4800000e+02  -7.1000000e+01   4.7400000e+02
   7.4900000e+02  -1.2300000e+02   5.9300000e+02
   1.0300000e+03  -3.0200000e+02   2.5600000e+02
   9.7900000e+02  -2.5100000e+02   1.0200000e+02
   9.7100000e+02  -2.3600000e+02  -5.4000000e+01
   8.7000000e+02  -2.2100000e+02  -1.8300000e+02
   1.0430000e+03  -3.3600000e+02  -2.9300000e+02
   1.0520000e+03   2.0000000e+02  -8.7000000e+01
   1.0270000e+03  -1.7000000e+01  -1.7300000e+02
   9.9900000e+02  -1.8700000e+02   3.4000000e+02
   1.0580000e+03  -3.4500000e+02   3.6200000e+02
   9.8900000e+02  -2.0200000e+02   7.0000000e+00
   1.0130000e+03  -2.4900000e+02  -1.2600000e+02
   9.6200000e+02  -3.2000000e+02  -1.6500000e+02
   9.5800000e+02  -2.0700000e+02  -3.0600000e+02
   1.0240000e+03  -2.1900000e+02  -2.5900000e+02
   1.0670000e+03   8.8000000e+01  -2.4200000e+02
   9.7600000e+02  -2.7000000e+02   7.5000000e+01
   7.4500000e+02  -1.4900000e+02   4.5200000e+02
   9.2100000e+02   7.0000000e+00   5.5200000e+02
   8.6500000e+02  -7.3000000e+01   5.5800000e+02
   1.0190000e+03  -3.3500000e+02   1.8000000e+02
   8.9000000e+02  -3.7700000e+02   1.7000000e+01
   9.9900000e+02  -2.1700000e+02  -7.3000000e+01
   9.0700000e+02  -1.8100000e+02  -2.6500000e+02
   1.0390000e+03  -1.8900000e+02  -3.3800000e+02
   1.0390000e+03  -1.8900000e+02  -3.3800000e+02
   9.0900000e+02  -1.5700000e+02   2.0600000e+02
   7.7000000e+02  -6.6000000e+01   5.3300000e+02
   7.2400000e+02  -3.5000000e+01   6.0100000e+02
   7.9200000e+02  -9.7000000e+01   6.0400000e+02
   9.6900000e+02  -2.9900000e+02   3.0100000e+02
   9.2900000e+02  -2.8700000e+02   8.1000000e+01
   9.8400000e+02  -2.6800000e+02  -9.7000000e+01
   9.8600000e+02  -1.8600000e+02  -8.6000000e+01
   8.6700000e+02  -2.8600000e+02  -3.2500000e+02
   9.6700000e+02  -1.0000000e+00  -1.7400000e+02
   8.8700000e+02  -9.0000000e+01   2.7200000e+02
   7.3500000e+02  -2.6000000e+01   5.3800000e+02
   8.2300000e+02  -1.1900000e+02   6.7400000e+02
   9.1900000e+02  -1.7900000e+02   4.7800000e+02
   9.5700000e+02  -2.0600000e+02   1.6300000e+02
   9.4600000e+02  -3.3100000e+02  -8.6000000e+01
