   9.8100000e+02  -7.5000000e+01  -1.8500000e+02
   9.7700000e+02  -6.1000000e+01  -1.8700000e+02
   9.7700000e+02  -6.1000000e+01  -1.8700000e+02
   8.9500000e+02  -8.6000000e+01   3.1200000e+02
   7.2100000e+02  -8.0000000e+01   5.0300000e+02
   7.5500000e+02  -1.1000000e+02   6.5800000e+02
   9.2400000e+02  -1.6200000e+02   3.8400000e+02
   9.7600000e+02  -2.1600000e+02   1.6300000e+02
   9.7300000e+02  -1.5500000e+02  -1.4700000e+02
   1.0070000e+03  -2.5200000e+02  -1.1600000e+02
   1.0070000e+03  -2.5200000e+02  -1.1600000e+02
   9.9600000e+02  -2.8500000e+02  -2.3400000e+02
   1.0020000e+03  -1.2200000e+02   2.0700000e+02
   6.6200000e+02  -1.9000000e+01   5.0400000e+02
   7.2000000e+02  -1.2000000e+02   7.0800000e+02
   8.3200000e+02  -8.0000000e+01   5.0000000e+02
   8.3200000e+02  -8.0000000e+01   5.0000000e+02
   9.4200000e+02  -2.9900000e+02  -3.6000000e+01
   9.7000000e+02  -1.7900000e+02  -2.2500000e+02
   9.1600000e+02  -1.2100000e+02  -3.1700000e+02
   9.8400000e+02  -1.9100000e+02  -3.8500000e+02
   9.8400000e+02  -1.9100000e+02  -3.8500000e+02
   9.7600000e+02  -1.2800000e+02   1.4800000e+02
   7.3300000e+02  -1.3500000e+02   4.3600000e+02
   7.1600000e+02  -8.0000000e+00   6.1300000e+02
   8.0200000e+02  -8.7000000e+01   6.3300000e+02
   1.0240000e+03  -2.5100000e+02   1.7300000e+02
   1.0310000e+03  -2.6300000e+02   2.5000000e+01
   9.4500000e+02  -9.6000000e+01  -1.5800000e+02
   8.9400000e+02  -3.8000000e+02  -1.5800000e+02
   9.7400000e+02  -2.0000000e+02  -3.0100000e+02
   9.7400000e+02  -2.0000000e+02  -3.0100000e+02
   8.3300000e+02  -1.9400000e+02   7.3000000e+01
   6.8400000e+02   7.0000000e+00   4.6600000e+02
   7.4400000e+02  -4.5000000e+01   8.2900000e+02
   8.5800000e+02  -3.3900000e+02   4.9000000e+02
   1.0210000e+03  -2.6600000e+02   9.0000000e+01
   9.6900000e+02  -3.4400000e+02  -8.6000000e+01
   9.7900000e+02  -2.1700000e+02  -1.0500000e+02
   9.0300000e+02  -2.5900000e+02  -3.6700000e+02
   9.7000000e+02  -2.0700000e+02  -3.7800000e+02
   1.0360000e+03   4.6000000e+01  -4.0500000e+02
   9.9200000e+02  -7.7000000e+01  -2.1800000e+02
   1.0490000e+03  -1.5600000e+02   1.7100000e+02
   8.3600000e+02  -7.5000000e+01   4.6900000e+02
   7.8800000e+02   7.0000000e+00   6.4800000e+02
   8.6400000e+02  -2.0200000e+02   5.4900000e+02
   9.6400000e+02  -4.0700000e+02   1.9300000e+02
   9.3000000e+02  -4.4600000e+02  -5.0000000e+00
   9.1900000e+02  -3.1200000e+02  -1.2200000e+02
   9.4900000e+02  -1.3800000e+02  -2.3300000e+02
   9.3200000e+02  -2.1200000e+02  -3.2500000e+02
   1.0710000e+03  -1.4800000e+02  -2.7900000e+02
   1.1000000e+03  -4.1300000e+02   1.0600000e+02
   7.5600000e+02  -5.9000000e+01   2.4600000e+02
   6.0400000e+02  -1.0000000e+01   5.2600000e+02
   9.1200000e+02  -2.9200000e+02   4.9400000e+02
   9.4800000e+02  -2.7700000e+02   1.4800000e+02
   9.6900000e+02  -3.1100000e+02   6.2000000e+01
   9.9500000e+02  -2.9000000e+02   1.0800000e+02
   9.7000000e+02  -2.5800000e+02  -1.2800000e+02
   9.9300000e+02  -2.5600000e+02  -2.2800000e+02
   8.9200000e+02  -3.1800000e+02  -1.6400000e+02
   8.9200000e+02  -3.1800000e+02  -1.6400000e+02
   5.7000000e+02  -1.2600000e+02   5.6000000e+02
   6.6000000e+02  -1.9000000e+01   7.1500000e+02
   7.9700000e+02  -1.3000000e+02   6.2000000e+02
   9.7700000e+02  -3.6100000e+02   2.5100000e+02
   9.6400000e+02  -3.3800000e+02   9.7000000e+01
   9.8100000e+02  -1.8300000e+02  -9.0000000e+00
   9.2700000e+02  -3.6500000e+02  -2.1800000e+02
   9.4200000e+02  -5.3200000e+02  -2.8800000e+02
   9.4200000e+02  -5.3200000e+02  -2.8800000e+02
   1.0110000e+03   1.7000000e+01   7.6000000e+01
   8.3600000e+02  -2.4400000e+02   3.5700000e+02
   9.2900000e+02  -1.7900000e+02   6.7300000e+02
   8.6700000e+02  -2.4100000e+02   4.5300000e+02
   1.0100000e+03  -3.7300000e+02   1.4400000e+02
   9.7100000e+02  -3.3300000e+02  -4.5000000e+01
   9.5200000e+02  -1.5900000e+02  -9.2000000e+01
   9.2900000e+02  -2.3000000e+02  -2.6800000e+02
   1.0870000e+03   6.2000000e+01  -2.8800000e+02
   1.0770000e+03  -5.1000000e+01   7.6000000e+01
   9.2900000e+02  -1.9600000e+02   2.8800000e+02
   6.5800000e+02  -1.9200000e+02   5.3200000e+02
   8.6400000e+02  -2.6300000e+02   5.8600000e+02
   9.4100000e+02  -3.3400000e+02   2.9100000e+02
   1.0490000e+03  -1.4900000e+02   9.4000000e+01
   1.0050000e+03  -2.5000000e+02  -3.7000000e+01
   9.7000000e+02  -2.7200000e+02  -1.2500000e+02
   9.6700000e+02  -2.6400000e+02  -2.5900000e+02
   1.0790000e+03  -1.3400000e+02  -1.8200000e+02
   1.0730000e+03  -1.8400000e+02  -4.2000000e+01
   7.9300000e+02  -1.7100000e+02   3.7700000e+02
   6.0100000e+02  -1.6200000e+02   6.5500000e+02
   7.8400000e+02  -1.2900000e+02   5.9000000e+02
