   1.0370000e+03  -3.0000000e+01   5.8000000e+01
   8.3100000e+02  -7.9000000e+01   4.6600000e+02
   6.6900000e+02  -5.8000000e+01   5.2600000e+02
   7.5900000e+02  -2.8000000e+01   6.6500000e+02
   1.0190000e+03  -2.0500000e+02   4.0500000e+02
   9.7400000e+02  -1.8200000e+02   1.4800000e+02
   9.7400000e+02  -1.8200000e+02   1.4800000e+02
   9.3500000e+02  -1.7900000e+02  -2.3500000e+02
   9.4700000e+02  -2.3400000e+02  -3.3100000e+02
   9.5200000e+02  -1.5700000e+02  -3.3400000e+02
   9.5200000e+02  -1.5700000e+02  -3.3400000e+02
   9.0000000e+02  -1.5900000e+02   1.3300000e+02
   6.8000000e+02   3.0000000e+01   5.0500000e+02
   6.7200000e+02  -1.2600000e+02   6.8500000e+02
   7.3600000e+02  -1.2300000e+02   7.8200000e+02
   9.3000000e+02  -3.6600000e+02   4.1500000e+02
   8.9700000e+02  -3.0200000e+02   1.7800000e+02
   9.5200000e+02  -3.1900000e+02  -3.2000000e+01
   9.2900000e+02  -2.2500000e+02  -2.9300000e+02
   9.0400000e+02  -1.7800000e+02  -4.8500000e+02
   9.6900000e+02  -2.2100000e+02  -2.7800000e+02
   9.6900000e+02  -2.2100000e+02  -2.7800000e+02
   1.0050000e+03  -1.9400000e+02   2.8300000e+02
   6.3800000e+02  -1.4300000e+02   5.1700000e+02
   7.0600000e+02  -2.2500000e+02   6.9500000e+02
   8.0300000e+02  -1.7700000e+02   6.1600000e+02
   1.0120000e+03  -2.3100000e+02   2.1000000e+02
   9.6900000e+02  -2.1400000e+02  -4.3000000e+01
   9.8100000e+02  -1.7600000e+02  -1.2800000e+02
   9.4400000e+02  -1.3700000e+02  -2.7900000e+02
   9.3700000e+02  -2.2500000e+02  -2.6400000e+02
   9.3700000e+02  -2.2500000e+02  -2.6400000e+02
   9.8500000e+02  -2.1900000e+02  -1.7000000e+02
   1.0010000e+03   4.9000000e+01   1.7300000e+02
   7.9400000e+02  -7.6000000e+01   5.4200000e+02
   7.9400000e+02  -7.6000000e+01   5.4200000e+02
   9.3700000e+02  -2.3400000e+02   3.7800000e+02
   9.2200000e+02  -7.4000000e+01   1.1100000e+02
   9.8400000e+02  -2.8200000e+02  -9.8000000e+01
   9.7600000e+02  -2.0000000e+02  -2.4100000e+02
   9.5300000e+02  -2.6000000e+02  -2.4800000e+02
   9.4000000e+02  -1.4000000e+02  -4.1700000e+02
   9.4000000e+02  -1.4000000e+02  -4.1700000e+02
   1.0120000e+03  -1.1200000e+02   1.1300000e+02
   7.2000000e+02  -1.2600000e+02   4.8000000e+02
   6.9300000e+02  -1.9000000e+01   6.3200000e+02
   7.6800000e+02  -1.5300000e+02   6.7500000e+02
   9.8700000e+02  -2.9400000e+02   2.3500000e+02
   9.2700000e+02  -4.3100000e+02   4.2000000e+01
   9.9300000e+02  -1.8100000e+02  -1.6300000e+02
   9.1600000e+02  -1.7900000e+02  -1.6500000e+02
   1.0960000e+03  -2.4200000e+02  -3.3100000e+02
   1.0960000e+03  -2.4200000e+02  -3.3100000e+02
   8.6600000e+02   1.1000000e+01   3.2300000e+02
   5.8600000e+02  -2.8700000e+02   7.0900000e+02
   5.5300000e+02  -2.2800000e+02   5.8400000e+02
   8.8400000e+02  -2.9800000e+02   4.2400000e+02
   9.1900000e+02  -4.5600000e+02   1.3700000e+02
   9.2500000e+02  -3.5500000e+02   1.3300000e+02
   9.6000000e+02  -2.2700000e+02  -1.5400000e+02
   8.8700000e+02  -3.2400000e+02  -3.0600000e+02
   1.0050000e+03  -1.8800000e+02  -3.0900000e+02
   1.0050000e+03  -1.8800000e+02  -3.0900000e+02
   1.0050000e+03  -1.8800000e+02  -3.0900000e+02
   7.2500000e+02  -1.1900000e+02   2.4700000e+02
   6.8000000e+02  -7.6000000e+01   6.4600000e+02
   7.6600000e+02  -1.5700000e+02   5.9900000e+02
   9.8800000e+02  -3.2000000e+02   2.8200000e+02
   9.5400000e+02  -2.7000000e+02  -5.3000000e+01
   1.0260000e+03  -2.3500000e+02  -7.5000000e+01
   9.0700000e+02  -3.2100000e+02  -3.0800000e+02
   1.0760000e+03  -1.8500000e+02  -4.2900000e+02
   1.0760000e+03  -1.8500000e+02  -4.2900000e+02
   9.5300000e+02  -3.1000000e+01   1.8000000e+02
   7.0400000e+02  -9.5000000e+01   5.4300000e+02
   5.8100000e+02   3.6000000e+01   5.4500000e+02
   9.2100000e+02  -2.1900000e+02   4.4500000e+02
   8.7700000e+02  -2.9000000e+02   2.2100000e+02
   9.9900000e+02  -8.3000000e+01  -5.5000000e+01
   9.2400000e+02  -3.8000000e+02  -1.1700000e+02
   9.4100000e+02  -1.2500000e+02  -2.4700000e+02
   9.4100000e+02  -1.2500000e+02  -2.4700000e+02
   1.0750000e+03  -5.2000000e+01  -2.4800000e+02
   1.0270000e+03  -1.7900000e+02   1.9500000e+02
   7.7400000e+02  -4.4000000e+01   4.4800000e+02
   7.4000000e+02  -2.5000000e+02   6.8600000e+02
   9.2800000e+02  -3.5400000e+02   3.3200000e+02
   9.1400000e+02  -2.8500000e+02   9.9000000e+01
   9.8300000e+02  -3.0700000e+02  -1.0300000e+02
   9.3700000e+02  -1.7100000e+02  -2.2600000e+02
   9.3000000e+02  -1.7600000e+02  -3.4800000e+02
   9.3000000e+02  -1.7600000e+02  -3.4800000e+02
   9.2300000e+02  -2.9300000e+02   1.0000000e+00
   9.1800000e+02  -8.8000000e+01   3.7600000e+02
   7.4300000e+02  -4.9000000e+01   7.8200000e+02
   8.7700000e+02  -1.7200000e+02   5.4500000e+02
