   9.5400000e+02  -4.0000000e+00  -2.7100000e+02
   9.7600000e+02  -4.8000000e+01  -2.6200000e+02
   1.0810000e+03  -5.9000000e+01  -6.7000000e+01
   1.0110000e+03  -1.3000000e+01   1.5700000e+02
   7.1800000e+02  -1.4900000e+02   5.1000000e+02
   8.3800000e+02  -4.8000000e+01   5.4800000e+02
   9.3800000e+02  -2.7900000e+02   3.2700000e+02
   1.0090000e+03  -4.8800000e+02   1.0000000e+00
   9.6600000e+02  -5.0500000e+02  -1.0900000e+02
   9.4600000e+02  -8.1000000e+01  -3.1600000e+02
   1.0380000e+03  -1.8300000e+02  -3.4400000e+02
   1.0380000e+03  -1.8300000e+02  -3.4400000e+02
   9.3800000e+02  -8.6000000e+01   2.7300000e+02
   6.9300000e+02  -5.7000000e+01   5.3000000e+02
   6.9300000e+02   5.9000000e+01   5.8200000e+02
   9.8000000e+02  -2.8300000e+02   2.8200000e+02
   9.6900000e+02  -5.3000000e+01   4.8000000e+01
   1.0100000e+03  -1.5200000e+02   3.4000000e+01
   9.1900000e+02  -2.8800000e+02  -2.5100000e+02
   9.6400000e+02  -2.2400000e+02  -2.8200000e+02
   9.6400000e+02  -2.2400000e+02  -2.8200000e+02
   1.0040000e+03  -2.3100000e+02  -1.6000000e+01
   7.0300000e+02  -1.2300000e+02   2.9800000e+02
   8.7500000e+02  -1.0600000e+02   7.7600000e+02
   8.9600000e+02  -1.7300000e+02   4.7800000e+02
   9.8000000e+02  -2.4700000e+02   1.0600000e+02
   9.7400000e+02  -3.7000000e+01  -1.1100000e+02
   9.5400000e+02  -2.3400000e+02  -2.5300000e+02
   8.6500000e+02  -2.8400000e+02  -2.5100000e+02
   8.6500000e+02  -2.8400000e+02  -2.5100000e+02
   1.0670000e+03  -4.0200000e+02  -1.2300000e+02
   8.0400000e+02   3.9000000e+01   3.4300000e+02
   5.8400000e+02  -5.0000000e+01   6.5200000e+02
   8.8800000e+02  -2.7300000e+02   4.7000000e+02
   1.0030000e+03  -2.9700000e+02   7.6000000e+01
   9.4900000e+02  -1.8800000e+02  -6.1000000e+01
   8.9600000e+02  -2.6700000e+02  -1.9800000e+02
   9.5300000e+02  -1.5600000e+02  -2.9200000e+02
   1.0730000e+03  -7.2000000e+01  -3.1900000e+02
   9.7900000e+02  -2.2100000e+02  -5.2000000e+01
   8.4600000e+02  -1.0100000e+02   3.1000000e+02
   7.7100000e+02  -1.6400000e+02   7.9400000e+02
   9.1000000e+02  -1.9300000e+02   4.5100000e+02
   9.7600000e+02  -3.7600000e+02   2.0000000e+01
   9.7600000e+02  -2.7900000e+02  -2.2400000e+02
   9.6600000e+02  -1.9000000e+02  -2.2600000e+02
   8.9800000e+02  -3.1100000e+02  -3.4800000e+02
   8.9800000e+02  -3.1100000e+02  -3.4800000e+02
   9.3100000e+02   3.7000000e+01  -1.0500000e+02
   6.6600000e+02  -9.0000000e+01   3.2900000e+02
   8.1600000e+02   3.0000000e+00   8.9400000e+02
   7.2200000e+02  -2.2500000e+02   7.6700000e+02
   9.0300000e+02  -4.3200000e+02   3.4300000e+02
   9.3300000e+02  -3.3300000e+02   1.2200000e+02
   9.5000000e+02  -2.4700000e+02  -1.4000000e+01
   9.3200000e+02  -2.9300000e+02  -1.6100000e+02
   1.0510000e+03  -4.8000000e+01  -4.7800000e+02
   1.0510000e+03  -4.8000000e+01  -4.7800000e+02
   6.4900000e+02  -1.7200000e+02   3.3100000e+02
   8.1200000e+02  -1.2300000e+02   8.3400000e+02
   8.7900000e+02  -1.1000000e+02   5.7000000e+02
   9.8400000e+02  -1.1700000e+02   2.3000000e+02
   9.7500000e+02  -3.2500000e+02   3.8000000e+01
   9.6700000e+02  -2.3900000e+02  -9.6000000e+01
   8.9400000e+02  -2.8800000e+02  -2.9500000e+02
   1.0100000e+03  -2.0800000e+02  -2.8200000e+02
   1.0100000e+03  -2.0800000e+02  -2.8200000e+02
   8.7500000e+02  -1.4000000e+02   8.5000000e+01
   7.8300000e+02  -1.2400000e+02   4.9400000e+02
   7.4200000e+02  -8.6000000e+01   6.7200000e+02
   8.0600000e+02  -1.6400000e+02   4.4500000e+02
   9.3500000e+02  -2.7700000e+02   1.7300000e+02
   9.3800000e+02  -2.7300000e+02  -3.4000000e+01
   9.6700000e+02  -2.4900000e+02  -2.3600000e+02
   9.1500000e+02  -2.0800000e+02  -4.1000000e+02
   1.0850000e+03  -1.1900000e+02  -3.8500000e+02
   9.8900000e+02  -1.3600000e+02   1.3000000e+01
   7.2500000e+02  -2.0100000e+02   4.7100000e+02
   8.6300000e+02  -1.9600000e+02   7.4800000e+02
   7.8100000e+02  -1.6300000e+02   5.8600000e+02
   9.2500000e+02  -2.8900000e+02   1.2100000e+02
   9.4900000e+02  -2.8500000e+02  -6.4000000e+01
   9.1800000e+02  -2.0400000e+02  -2.3000000e+02
   8.3400000e+02  -2.1000000e+02  -3.8700000e+02
   1.0170000e+03  -1.2400000e+02  -3.2800000e+02
   8.4000000e+02  -2.5500000e+02  -1.4600000e+02
   9.0300000e+02  -5.8000000e+01   3.2200000e+02
   6.5500000e+02  -1.4600000e+02   6.0700000e+02
   7.7600000e+02  -6.5000000e+01   5.9300000e+02
   1.0110000e+03  -4.5100000e+02   2.2900000e+02
   9.4100000e+02  -2.4800000e+02   8.8000000e+01
   9.6700000e+02  -3.4000000e+02  -8.6000000e+01
   9.4800000e+02  -3.1200000e+02  -3.2900000e+02
   1.0540000e+03  -1.8800000e+02  -4.3000000e+02
   1.0520000e+03  -1.7100000e+02  -9.4000000e+01
   9.9300000e+02  -1.4700000e+02   2.1700000e+02
