   9.1800000e+02  -1.3500000e+02  -3.9200000e+02
   9.1800000e+02  -1.4700000e+02  -3.4400000e+02
   9.2900000e+02  -9.8000000e+01  -3.6400000e+02
   8.9700000e+02  -2.5500000e+02  -3.7100000e+02
   8.8000000e+02  -1.7300000e+02  -3.9200000e+02
   9.1200000e+02  -1.2200000e+02  -3.5000000e+02
   8.6900000e+02  -2.8100000e+02  -3.7600000e+02
   1.0550000e+03  -2.8000000e+01  -3.7400000e+02
   1.0410000e+03  -1.7800000e+02  -1.7500000e+02
   7.0900000e+02  -6.1000000e+01   4.3500000e+02
   1.0880000e+03  -1.8600000e+02   9.5000000e+02
   8.5500000e+02  -1.5800000e+02   5.5900000e+02
   1.0320000e+03  -3.7000000e+02   2.7200000e+02
   9.0300000e+02  -1.9900000e+02   8.0000000e+00
   9.7000000e+02  -1.7400000e+02  -2.2400000e+02
   9.1300000e+02  -2.3900000e+02  -2.7700000e+02
   9.7300000e+02  -1.0400000e+02  -3.4000000e+02
   1.0950000e+03  -1.3100000e+02  -4.3900000e+02
   1.0950000e+03  -1.3100000e+02  -4.3900000e+02
   8.6100000e+02  -4.1000000e+01   2.8600000e+02
   6.1200000e+02  -1.1500000e+02   4.8400000e+02
   8.1700000e+02  -1.6500000e+02   6.1500000e+02
   9.1400000e+02  -2.6800000e+02   3.8900000e+02
   9.8100000e+02  -5.9300000e+02   6.8000000e+01
   9.5800000e+02  -3.6800000e+02  -5.2000000e+01
   9.2600000e+02  -2.6000000e+02  -2.6900000e+02
   9.1100000e+02  -1.6900000e+02  -2.8800000e+02
   9.3500000e+02  -1.9000000e+02  -3.3100000e+02
   9.3500000e+02  -1.9000000e+02  -3.3100000e+02
   1.0190000e+03  -3.9800000e+02  -1.1800000e+02
   9.7900000e+02  -3.7000000e+01   3.2400000e+02
   6.9500000e+02  -1.5800000e+02   5.6600000e+02
   7.1000000e+02  -1.2000000e+02   6.7000000e+02
   8.4200000e+02  -2.0200000e+02   5.4400000e+02
   1.0080000e+03  -2.6600000e+02   2.3100000e+02
   9.9700000e+02  -2.3700000e+02   1.0600000e+02
   9.2400000e+02  -2.6000000e+02  -1.1400000e+02
   9.7800000e+02  -2.9300000e+02  -4.0000000e+02
   9.6400000e+02  -2.1200000e+02  -4.2700000e+02
   1.0740000e+03   3.6000000e+01  -3.2900000e+02
   1.0480000e+03   1.8600000e+02  -1.1600000e+02
   7.6900000e+02  -1.0800000e+02   4.5400000e+02
   8.7700000e+02  -2.1900000e+02   8.6100000e+02
   8.2400000e+02  -1.7600000e+02   5.4300000e+02
   1.0490000e+03  -1.6500000e+02   2.4000000e+02
   1.0130000e+03  -1.1200000e+02  -2.7000000e+01
   9.1900000e+02  -2.4300000e+02  -1.2900000e+02
   9.3000000e+02  -1.3400000e+02  -2.2300000e+02
   9.3000000e+02  -1.3400000e+02  -2.2300000e+02
   9.3000000e+02  -1.3400000e+02  -2.2300000e+02
   9.5200000e+02   1.1000000e+01   3.0800000e+02
   3.5800000e+02  -1.1100000e+02   5.6300000e+02
   7.6400000e+02  -8.5000000e+01   6.6000000e+02
   9.3300000e+02  -2.5900000e+02   3.1000000e+02
   9.7400000e+02  -2.7800000e+02   9.0000000e+01
   9.6500000e+02  -2.3000000e+02  -1.0600000e+02
   8.3200000e+02  -3.8800000e+02  -3.4200000e+02
   9.1000000e+02  -2.4500000e+02  -3.3600000e+02
   1.0610000e+03  -1.2000000e+02  -4.8600000e+02
   1.0910000e+03  -2.5900000e+02  -1.6000000e+02
   7.9700000e+02  -6.3000000e+01   3.0300000e+02
   4.4200000e+02  -7.0000000e+01   4.6200000e+02
   7.6900000e+02  -1.1900000e+02   6.2500000e+02
   1.0030000e+03  -2.4300000e+02   2.7900000e+02
   9.8800000e+02  -2.7000000e+02   4.6000000e+01
   9.2200000e+02  -3.7200000e+02  -1.2800000e+02
   7.6700000e+02  -1.3300000e+02  -4.8100000e+02
   1.0560000e+03  -1.5700000e+02  -4.6200000e+02
   1.0560000e+03  -1.5700000e+02  -4.6200000e+02
   9.4800000e+02  -9.9000000e+01   1.4700000e+02
   7.3200000e+02  -1.0000000e+00   4.7800000e+02
   9.5100000e+02  -1.9500000e+02   9.4200000e+02
   7.8600000e+02  -9.5000000e+01   6.1200000e+02
   8.9500000e+02  -4.3600000e+02   3.0200000e+02
   9.7000000e+02  -2.9100000e+02   8.4000000e+01
   9.6100000e+02  -2.4000000e+02  -1.3700000e+02
   9.3300000e+02  -2.1900000e+02  -3.1200000e+02
   9.0900000e+02  -2.1700000e+02  -2.9900000e+02
   9.0900000e+02  -2.1700000e+02  -2.9900000e+02
   9.8500000e+02  -2.1800000e+02   1.3000000e+01
   8.4500000e+02  -1.7500000e+02   4.3300000e+02
   7.8900000e+02  -2.4000000e+01   6.5000000e+02
   8.1800000e+02  -2.5500000e+02   5.7600000e+02
   1.0430000e+03  -2.9000000e+02   2.1900000e+02
   9.3500000e+02  -1.6300000e+02   2.4000000e+01
   9.8400000e+02  -1.4800000e+02  -2.4500000e+02
   9.3500000e+02  -1.5600000e+02  -2.8400000e+02
   1.0000000e+03  -2.3000000e+01  -3.7600000e+02
   1.0870000e+03  -2.5400000e+02  -9.3000000e+01
   1.0240000e+03  -1.4600000e+02   3.8000000e+01
   7.3900000e+02  -2.1900000e+02   4.7300000e+02
   7.5800000e+02  -8.7000000e+01   7.3400000e+02
   8.8100000e+02  -1.6200000e+02   4.4400000e+02
   9.9000000e+02  -1.8900000e+02   1.2700000e+02
   9.9700000e+02  -1.3800000e+02   1.2000000e+01
   9.6000000e+02  -2.3400000e+02  -2.4100000e+02
