   9.5900000e+02  -8.5000000e+01  -2.5700000e+02
   9.6400000e+02  -7.2000000e+01  -2.5800000e+02
   1.0260000e+03  -2.3000000e+01  -1.3800000e+02
   1.0560000e+03  -2.2800000e+02   1.3400000e+02
   7.6800000e+02   3.5000000e+01   4.3800000e+02
   6.2400000e+02   3.5000000e+01   5.1600000e+02
   7.0700000e+02  -3.4000000e+01   6.5500000e+02
   9.6000000e+02  -3.7700000e+02   2.3200000e+02
   9.0700000e+02  -3.4400000e+02   1.2400000e+02
   8.7600000e+02  -2.5800000e+02  -1.4100000e+02
   8.9000000e+02  -1.7700000e+02  -2.6000000e+02
   8.9000000e+02  -1.7700000e+02  -2.6000000e+02
   8.9000000e+02  -1.7700000e+02  -2.6000000e+02
   6.1200000e+02  -1.2900000e+02   5.1200000e+02
   7.3200000e+02   1.3600000e+02   5.1800000e+02
   7.2400000e+02   1.1000000e+01   6.9900000e+02
   9.2400000e+02  -4.8200000e+02   2.8600000e+02
   9.5100000e+02  -3.9000000e+02   3.1000000e+01
   8.9900000e+02  -3.8400000e+02  -2.7000000e+01
   9.7800000e+02  -2.1900000e+02  -3.1100000e+02
   1.0350000e+03  -1.1100000e+02  -3.3300000e+02
   9.4600000e+02  -2.6100000e+02  -1.9000000e+02
   1.0970000e+03  -1.4800000e+02   1.9900000e+02
   6.2500000e+02  -1.5000000e+01   4.8900000e+02
   6.3900000e+02  -2.1300000e+02   8.1800000e+02
   9.5900000e+02  -2.6000000e+02   3.6700000e+02
   9.1600000e+02  -3.9300000e+02   9.5000000e+01
   9.4200000e+02  -3.9600000e+02  -8.8000000e+01
   9.3700000e+02  -1.0000000e+02  -2.3500000e+02
   9.4100000e+02  -1.0100000e+02  -2.6500000e+02
   1.0370000e+03  -2.1000000e+02  -5.1000000e+01
   9.6000000e+02  -1.4100000e+02   7.0000000e+00
   7.3200000e+02  -5.0000000e+01   4.1300000e+02
   9.0500000e+02  -1.5100000e+02   9.0600000e+02
   8.1000000e+02  -2.3700000e+02   5.3800000e+02
   1.0340000e+03  -2.9300000e+02   2.3100000e+02
   9.5800000e+02  -3.5200000e+02   1.2500000e+02
   9.5700000e+02  -1.8700000e+02  -1.8900000e+02
   9.1200000e+02  -1.4800000e+02  -3.0200000e+02
   9.9700000e+02  -1.1700000e+02  -3.0300000e+02
   1.0910000e+03  -2.6500000e+02  -1.8000000e+01
   8.5400000e+02  -2.6900000e+02   1.3200000e+02
   6.6600000e+02  -1.5700000e+02   4.2400000e+02
   8.3900000e+02  -1.9200000e+02   6.3100000e+02
   8.5200000e+02  -2.0700000e+02   4.2600000e+02
   9.4300000e+02  -3.8400000e+02   9.4000000e+01
   9.9000000e+02  -2.1100000e+02  -1.3900000e+02
   9.8300000e+02  -2.7500000e+02  -1.5300000e+02
   8.6300000e+02  -1.9400000e+02  -5.0700000e+02
   1.0980000e+03  -1.9400000e+02  -2.5000000e+02
   1.0410000e+03  -1.5900000e+02  -1.5900000e+02
   7.0100000e+02  -1.0300000e+02   3.2600000e+02
   8.4700000e+02  -2.8000000e+01   5.4900000e+02
   9.6400000e+02  -1.3800000e+02   4.3400000e+02
   1.0060000e+03  -2.2300000e+02   2.9000000e+01
   1.0080000e+03  -2.4200000e+02  -1.4700000e+02
   9.5000000e+02  -1.0700000e+02  -2.4500000e+02
   9.7000000e+02  -1.2000000e+02  -2.9700000e+02
   9.7000000e+02  -1.2000000e+02  -2.9700000e+02
   9.3600000e+02  -3.1000000e+01   3.0000000e+01
   7.1800000e+02  -1.0100000e+02   4.7000000e+02
   7.6400000e+02  -6.6000000e+01   7.9300000e+02
   9.6000000e+02  -1.8700000e+02   4.1400000e+02
   8.9700000e+02  -3.0500000e+02   1.9000000e+02
   9.8700000e+02  -1.2200000e+02  -3.2000000e+01
   9.4100000e+02  -2.6000000e+02  -1.4100000e+02
   8.9900000e+02  -1.7600000e+02  -3.2500000e+02
   1.0730000e+03  -1.3100000e+02  -2.6600000e+02
   1.0730000e+03  -1.3100000e+02  -2.6600000e+02
   7.0500000e+02  -1.8000000e+02   3.0100000e+02
   7.4800000e+02  -8.3000000e+01   7.1100000e+02
   7.8900000e+02  -1.8000000e+02   7.0000000e+02
   9.3000000e+02  -3.2000000e+02   2.6900000e+02
   9.7400000e+02  -1.5600000e+02  -3.0000000e+01
   9.1800000e+02  -2.0300000e+02   1.8000000e+01
   9.7800000e+02  -4.0900000e+02  -2.5900000e+02
   9.7800000e+02  -4.0900000e+02  -2.5900000e+02
   9.7800000e+02  -4.0900000e+02  -2.5900000e+02
   7.7000000e+02  -2.0800000e+02   2.2900000e+02
   5.0400000e+02  -1.2800000e+02   4.4900000e+02
   7.5000000e+02  -1.3700000e+02   5.7400000e+02
   9.8900000e+02  -3.0900000e+02   2.3900000e+02
   9.5800000e+02  -2.0700000e+02   1.1800000e+02
   1.0140000e+03  -2.6300000e+02  -1.4400000e+02
   9.2300000e+02  -3.0900000e+02  -2.3200000e+02
   1.0250000e+03  -2.2500000e+02  -2.7100000e+02
   9.8000000e+02  -8.6000000e+01  -2.9800000e+02
   9.8000000e+02  -8.6000000e+01  -2.9800000e+02
   7.5700000e+02  -6.8000000e+01   3.7400000e+02
   7.8900000e+02  -3.6000000e+01   7.1500000e+02
   8.6500000e+02  -1.7600000e+02   5.3400000e+02
   9.5200000e+02  -2.9400000e+02   2.9700000e+02
   9.4800000e+02  -3.6300000e+02   3.2000000e+01
   9.8800000e+02  -1.7700000e+02  -1.0200000e+02
   9.9700000e+02  -1.2000000e+02  -1.9100000e+02
   9.5100000e+02  -3.0700000e+02  -1.8600000e+02
