   9.9900000e+02  -3.4000000e+01  -1.2500000e+02
   9.9700000e+02   2.9000000e+01  -1.1000000e+01
   8.7500000e+02  -1.6200000e+02   1.1700000e+02
   8.3800000e+02   1.0000000e+01   5.4000000e+01
   9.7800000e+02  -1.2600000e+02   2.3000000e+01
   1.0120000e+03  -2.0900000e+02  -1.5400000e+02
   9.6700000e+02  -1.5400000e+02  -1.9300000e+02
   9.8900000e+02  -3.0100000e+02   1.1600000e+02
   9.6900000e+02  -3.5800000e+02   3.0000000e+01
   9.7200000e+02  -2.2700000e+02  -1.2000000e+01
   1.0790000e+03  -2.6100000e+02   1.2800000e+02
   8.2500000e+02  -1.8200000e+02   9.1000000e+01
   7.6400000e+02  -2.7400000e+02   2.8700000e+02
   7.6400000e+02  -2.7400000e+02   2.8700000e+02
   1.0540000e+03  -1.5800000e+02  -9.7000000e+01
   9.4200000e+02  -2.3000000e+02  -2.2400000e+02
   1.0120000e+03  -1.8900000e+02  -8.6000000e+01
   1.0120000e+03  -1.8900000e+02  -8.6000000e+01
   1.0350000e+03  -4.3000000e+01  -3.3000000e+01
   9.5200000e+02  -1.4300000e+02   1.0700000e+02
   7.8200000e+02  -1.3400000e+02   1.7600000e+02
   1.0670000e+03  -1.2000000e+01   1.9500000e+02
   1.0130000e+03  -4.8500000e+02  -1.5100000e+02
   1.0510000e+03  -6.8000000e+01  -1.2700000e+02
   9.4700000e+02  -1.6800000e+02  -1.4400000e+02
   8.9600000e+02  -1.3400000e+02   2.0000000e+01
   8.9600000e+02  -1.3400000e+02   2.0000000e+01
   1.0280000e+03  -2.0100000e+02   1.5400000e+02
   1.0810000e+03  -1.7200000e+02   1.2200000e+02
   9.3300000e+02  -5.7000000e+01   2.8500000e+02
   1.0750000e+03  -1.0300000e+02   1.7500000e+02
   9.0100000e+02   1.1200000e+02  -9.1000000e+01
   9.0800000e+02  -3.9900000e+02  -3.4500000e+02
   9.5000000e+02  -2.8700000e+02  -9.0000000e+01
   1.0420000e+03  -3.6200000e+02  -1.4800000e+02
   9.7600000e+02  -1.3900000e+02  -1.4100000e+02
   1.0920000e+03  -3.0800000e+02  -2.9700000e+02
   1.0930000e+03   9.0000000e+00   6.0000000e+00
   9.9200000e+02  -3.3200000e+02  -2.1000000e+02
   9.6800000e+02  -1.3000000e+01  -1.0300000e+02
   4.9600000e+02  -1.7600000e+02  -1.1000000e+01
   9.2700000e+02   3.0000000e+00   2.8000000e+02
   9.5700000e+02  -8.8000000e+01  -2.8400000e+02
   9.7900000e+02  -3.4800000e+02  -2.0300000e+02
   9.1700000e+02  -3.3700000e+02  -1.1200000e+02
   8.7100000e+02  -2.6500000e+02  -4.0000000e+00
   8.7100000e+02  -2.6500000e+02  -4.0000000e+00
   8.7100000e+02  -2.6500000e+02  -4.0000000e+00
   1.0560000e+03  -4.7000000e+01   1.0100000e+02
   9.4800000e+02  -1.2500000e+02   3.3000000e+01
   9.8700000e+02  -2.3600000e+02   2.3700000e+02
   9.2600000e+02  -9.0000000e+01   2.3700000e+02
   1.0720000e+03  -1.0900000e+02  -3.3000000e+01
   1.0000000e+03  -3.2300000e+02  -1.0400000e+02
   1.0260000e+03  -5.1000000e+01  -1.4200000e+02
   9.6400000e+02  -1.7200000e+02  -2.1000000e+02
   1.0260000e+03  -1.9200000e+02  -1.4900000e+02
   9.9500000e+02  -2.3600000e+02  -4.7000000e+01
   1.0510000e+03  -2.5900000e+02   1.5900000e+02
   1.0440000e+03  -7.6000000e+01   3.1000000e+01
   8.6800000e+02  -2.0000000e+01  -3.0000000e+00
   8.1700000e+02  -1.8300000e+02   1.8200000e+02
   9.4900000e+02  -1.0400000e+02   1.8600000e+02
   1.0950000e+03  -3.2000000e+01  -9.0000000e+00
   9.4800000e+02  -3.0500000e+02  -1.1100000e+02
   9.7200000e+02  -3.0000000e+02  -1.6400000e+02
   9.4600000e+02  -2.4300000e+02  -3.8000000e+01
   8.6500000e+02  -6.6000000e+01  -2.0100000e+02
   1.0900000e+03  -1.3400000e+02  -4.4000000e+01
   1.0640000e+03  -1.1100000e+02   4.4000000e+01
   9.0700000e+02  -7.1000000e+01   5.0000000e+00
   9.9900000e+02  -3.6100000e+02   2.2500000e+02
   8.9600000e+02  -1.8000000e+02   1.1200000e+02
   9.9100000e+02   9.1000000e+01   9.0000000e+00
   9.8600000e+02  -1.7000000e+02  -1.8000000e+02
   9.7800000e+02  -1.8700000e+02  -1.7700000e+02
   9.7600000e+02  -4.0000000e+02  -2.4000000e+01
   9.8400000e+02  -1.4800000e+02  -1.9200000e+02
   9.6500000e+02   1.5600000e+02  -2.0300000e+02
   9.9800000e+02  -1.7800000e+02   2.5000000e+01
   8.7800000e+02  -1.9000000e+01   1.2400000e+02
   1.0430000e+03  -1.8400000e+02   2.6800000e+02
   9.6500000e+02   2.4000000e+01   0.0000000e+00
   9.6300000e+02  -3.3300000e+02  -1.8300000e+02
   9.9800000e+02  -1.0500000e+02  -1.7300000e+02
   9.4200000e+02  -2.3500000e+02  -2.2700000e+02
   8.9100000e+02  -1.5700000e+02  -4.2000000e+01
   9.8600000e+02  -2.8800000e+02  -5.8000000e+01
   9.8600000e+02  -2.8800000e+02  -5.8000000e+01
   1.0620000e+03  -7.9000000e+01   1.1500000e+02
   9.8600000e+02  -9.7000000e+01   6.5000000e+01
   8.9700000e+02  -5.8000000e+01   1.8700000e+02
   1.0520000e+03  -1.8400000e+02   1.5200000e+02
   9.7700000e+02  -3.5500000e+02  -1.6000000e+01
   1.0370000e+03  -1.3800000e+02   4.4000000e+01
   9.1200000e+02  -2.5300000e+02  -1.2500000e+02
