   1.0890000e+03  -6.3000000e+01  -1.3000000e+01
   7.8600000e+02  -2.5500000e+02   8.4000000e+01
   9.0200000e+02  -1.0400000e+02   9.4000000e+01
   9.0200000e+02  -1.0400000e+02   9.4000000e+01
   9.8100000e+02  -3.4500000e+02  -1.4800000e+02
   9.5600000e+02  -2.4000000e+02  -1.3300000e+02
   9.9700000e+02  -3.1500000e+02  -1.7400000e+02
   9.9700000e+02  -3.1500000e+02  -1.7400000e+02
   8.9800000e+02   2.8000000e+01  -1.5000000e+02
   8.9800000e+02   2.8000000e+01  -1.5000000e+02
   7.4700000e+02  -2.0400000e+02   1.0200000e+02
   8.1200000e+02   2.2500000e+02   2.7700000e+02
   8.1200000e+02   2.2500000e+02   2.7700000e+02
   1.0410000e+03  -4.7000000e+01  -1.3400000e+02
   9.0000000e+02  -4.1300000e+02  -2.3400000e+02
   9.6800000e+02  -2.8300000e+02   2.1000000e+01
   9.5200000e+02  -1.2900000e+02  -6.6000000e+01
   1.0910000e+03   3.9000000e+01  -9.9000000e+01
   1.0530000e+03  -1.5300000e+02   4.3000000e+01
   8.9400000e+02  -3.2000000e+01   2.6000000e+01
   9.8300000e+02   7.1000000e+01   4.4300000e+02
   1.0150000e+03  -1.5400000e+02   1.3700000e+02
   9.0000000e+02  -4.9000000e+02  -2.0300000e+02
   1.0390000e+03   6.9000000e+01  -2.9000000e+02
   1.0270000e+03  -1.0800000e+02  -9.5000000e+01
   9.2100000e+02  -3.0000000e+02  -1.5500000e+02
   1.0120000e+03  -2.2100000e+02  -2.4000000e+01
   1.0610000e+03  -6.7000000e+01   9.8000000e+01
   8.9800000e+02  -6.1000000e+01   1.4900000e+02
   8.5000000e+02  -2.8000000e+02   2.0900000e+02
   1.0790000e+03  -1.6800000e+02   1.5400000e+02
   1.0790000e+03  -1.6800000e+02   1.5400000e+02
   9.3100000e+02  -3.6600000e+02  -1.7300000e+02
   1.0110000e+03  -1.0200000e+02  -1.5800000e+02
   9.3100000e+02  -1.6300000e+02   7.6000000e+01
   8.7600000e+02  -8.5000000e+01  -2.8000000e+01
   8.7600000e+02  -8.5000000e+01  -2.8000000e+01
   9.0300000e+02   7.0000000e+00   2.6000000e+01
   1.0070000e+03  -2.0000000e+01   2.5600000e+02
   9.7500000e+02  -3.2000000e+01   2.0500000e+02
   9.7500000e+02  -3.2000000e+01   2.0500000e+02
   1.0040000e+03  -2.8400000e+02  -1.9700000e+02
   9.5500000e+02  -1.6400000e+02  -1.5200000e+02
   9.3000000e+02  -1.5100000e+02  -1.1500000e+02
   1.0400000e+03  -2.2200000e+02  -5.5000000e+01
   1.0400000e+03  -2.2200000e+02  -5.5000000e+01
   9.5700000e+02  -2.0700000e+02  -1.1200000e+02
   8.8100000e+02  -1.6000000e+01  -1.9000000e+01
   5.3100000e+02   1.2600000e+02   4.2000000e+01
   7.2400000e+02  -3.4700000e+02   4.6700000e+02
   9.2600000e+02   1.4000000e+01   2.1800000e+02
   9.9100000e+02  -2.4300000e+02   1.9100000e+02
   9.9300000e+02  -1.4400000e+02   1.3400000e+02
   9.9300000e+02  -1.4400000e+02   1.3400000e+02
   8.5400000e+02  -1.1400000e+02   1.8600000e+02
   8.5400000e+02  -1.1400000e+02   1.8600000e+02
   1.0410000e+03  -1.5400000e+02   5.8000000e+01
   1.0410000e+03  -1.5400000e+02   5.8000000e+01
   8.9200000e+02  -1.7300000e+02   2.3500000e+02
   1.0930000e+03   1.4600000e+02  -1.9000000e+01
   9.6600000e+02  -1.5200000e+02  -1.4600000e+02
   1.0860000e+03  -1.9100000e+02   3.1000000e+01
   9.5000000e+02  -1.1000000e+02  -2.0000000e+02
   9.5500000e+02  -2.5600000e+02  -1.0200000e+02
   9.4000000e+02  -1.3200000e+02  -2.8000000e+01
   9.4000000e+02  -1.3200000e+02  -2.8000000e+01
   1.0410000e+03  -1.6900000e+02   1.0700000e+02
   9.2300000e+02  -2.6000000e+01   3.7000000e+01
   7.8700000e+02   6.2000000e+01   2.5500000e+02
   9.8900000e+02  -8.6000000e+01   8.3000000e+01
   1.0550000e+03  -5.3000000e+01  -1.4100000e+02
   1.0380000e+03  -2.0900000e+02  -1.2800000e+02
   9.7000000e+02  -1.4300000e+02  -1.5500000e+02
   9.5800000e+02  -1.2900000e+02  -1.8600000e+02
   1.0060000e+03  -1.3300000e+02  -5.2000000e+01
   1.0060000e+03  -1.3300000e+02  -5.2000000e+01
   9.1300000e+02   4.3000000e+01   1.2100000e+02
   9.3200000e+02  -1.9200000e+02   1.8600000e+02
   8.4900000e+02  -9.4000000e+01   2.8700000e+02
   8.4900000e+02  -9.4000000e+01   2.8700000e+02
   1.0270000e+03  -3.4500000e+02  -2.0200000e+02
   9.8200000e+02  -2.2500000e+02  -2.9000000e+02
   8.8200000e+02  -2.1400000e+02  -5.6000000e+01
   8.8100000e+02  -2.1800000e+02  -1.1000000e+01
   8.8100000e+02  -2.1800000e+02  -1.1000000e+01
   1.0440000e+03  -6.3000000e+01   6.3000000e+01
   8.8500000e+02  -8.6000000e+01   1.2000000e+01
   8.7100000e+02  -1.4300000e+02   2.7400000e+02
   9.7400000e+02   4.5000000e+01   1.5400000e+02
   8.6500000e+02  -2.6000000e+02  -2.6000000e+02
   9.8300000e+02  -1.4500000e+02  -2.8000000e+02
   9.8200000e+02  -1.1200000e+02  -1.6900000e+02
   9.6900000e+02  -1.5900000e+02  -9.9000000e+01
   9.0600000e+02  -2.8500000e+02  -1.1900000e+02
   9.0600000e+02  -2.8500000e+02  -1.1900000e+02
   9.4400000e+02  -6.3000000e+01   1.0000000e+00
