   1.0620000e+03  -1.8600000e+02   5.7000000e+01
   9.3400000e+02  -9.2000000e+01   4.0000000e+01
   9.0100000e+02   2.3000000e+01   2.1700000e+02
   1.0090000e+03  -1.2900000e+02   2.0100000e+02
   1.0090000e+03  -1.2900000e+02   2.0100000e+02
   1.0600000e+03  -1.8100000e+02   2.2000000e+01
   1.0440000e+03   2.6100000e+02  -1.7000000e+02
   9.6400000e+02  -2.6500000e+02  -9.5000000e+01
   9.1800000e+02  -1.5100000e+02   6.9000000e+01
   9.1400000e+02  -2.2200000e+02  -5.3000000e+01
   1.0050000e+03  -7.4000000e+01  -1.7000000e+01
   1.0050000e+03  -7.4000000e+01  -1.7000000e+01
   7.9600000e+02   4.9000000e+01  -2.3000000e+01
   8.3500000e+02  -1.0000000e+00   2.3900000e+02
   9.2600000e+02  -1.7600000e+02   4.1000000e+01
   1.0200000e+03  -2.0600000e+02  -3.4000000e+01
   1.0040000e+03  -1.1800000e+02  -1.6900000e+02
   9.7400000e+02  -1.8300000e+02  -1.7500000e+02
   9.7000000e+02  -1.0000000e+00  -1.6100000e+02
   9.2100000e+02  -4.0200000e+02   1.1100000e+02
   1.0350000e+03  -3.2400000e+02  -2.5100000e+02
   9.9000000e+02  -1.7100000e+02   5.5000000e+01
   9.6400000e+02  -2.2000000e+01   4.9000000e+01
   1.0900000e+03  -2.3800000e+02   2.0700000e+02
   9.1800000e+02  -2.2000000e+01   5.0000000e+01
   1.0500000e+03  -2.4700000e+02  -1.8000000e+01
   9.7600000e+02  -2.0400000e+02  -1.2400000e+02
   9.7400000e+02  -1.9500000e+02  -1.7500000e+02
   8.1700000e+02  -1.6500000e+02  -3.6000000e+01
   1.0390000e+03  -2.0700000e+02  -1.0000000e+00
   9.5900000e+02  -1.4700000e+02  -1.7000000e+01
   9.7100000e+02  -6.0000000e+01  -2.6400000e+02
   9.7100000e+02  -6.0000000e+01  -2.6400000e+02
   8.7500000e+02  -3.1200000e+02   1.3300000e+02
   8.7500000e+02  -3.1200000e+02   1.3300000e+02
   9.6700000e+02  -1.4900000e+02  -3.2000000e+01
   9.4300000e+02  -1.4400000e+02  -2.5000000e+02
   9.3500000e+02  -1.9800000e+02  -2.3900000e+02
   9.2400000e+02  -1.8800000e+02  -1.0100000e+02
   9.2400000e+02  -1.8800000e+02  -1.0100000e+02
   9.6300000e+02  -9.9000000e+01  -1.2700000e+02
   1.0320000e+03  -1.9800000e+02  -5.1000000e+01
   8.6900000e+02   3.8000000e+01   1.0000000e+00
   9.0900000e+02  -1.5700000e+02   3.7400000e+02
   1.0170000e+03   1.4800000e+02  -7.5000000e+01
   9.4500000e+02  -3.5900000e+02  -2.2000000e+02
   9.4100000e+02  -1.9400000e+02  -2.5600000e+02
   1.0220000e+03  -1.9400000e+02  -7.8000000e+01
   9.7600000e+02  -2.4900000e+02  -8.9000000e+01
   9.1400000e+02   3.4000000e+01  -7.8000000e+01
   1.0900000e+03  -1.7400000e+02  -3.0000000e+01
   1.0900000e+03  -1.7400000e+02  -3.0000000e+01
   9.8500000e+02   1.6000000e+01  -1.2200000e+02
   8.8000000e+02   5.6000000e+01   1.6000000e+01
   9.2800000e+02  -1.8200000e+02   1.4300000e+02
   1.0000000e+03  -2.2800000e+02   7.8000000e+01
   9.3100000e+02  -2.0500000e+02  -1.8900000e+02
   1.0200000e+03   1.7000000e+02  -2.5200000e+02
   9.6300000e+02  -1.3400000e+02  -7.3000000e+01
   9.2900000e+02  -2.7000000e+01  -2.0900000e+02
   9.8200000e+02  -2.0000000e+02   3.6000000e+01
   9.9600000e+02  -4.3700000e+02  -1.4600000e+02
   9.8900000e+02  -1.0100000e+02  -1.2700000e+02
   1.0280000e+03  -2.5800000e+02   1.8000000e+02
   9.6400000e+02   4.5000000e+01   1.6000000e+02
   9.6400000e+02   4.5000000e+01   1.6000000e+02
   9.6400000e+02   4.5000000e+01   1.6000000e+02
   1.0180000e+03  -1.1200000e+02  -1.5400000e+02
   9.6800000e+02  -2.3600000e+02  -1.2300000e+02
   8.3100000e+02  -2.8900000e+02  -1.5000000e+02
   1.0060000e+03  -4.3000000e+02   4.6000000e+01
   1.0970000e+03  -1.6000000e+01   9.4000000e+01
   1.0970000e+03  -1.6000000e+01   9.4000000e+01
   7.7300000e+02  -3.7000000e+01   1.0600000e+02
   8.9100000e+02   2.1700000e+02   5.3200000e+02
   1.0890000e+03  -2.7800000e+02   5.1000000e+01
   9.5000000e+02  -1.1000000e+02  -2.1600000e+02
   1.0310000e+03  -1.5100000e+02  -7.5000000e+01
   8.7100000e+02  -2.4200000e+02   5.7000000e+01
   9.2500000e+02  -4.7600000e+02   1.2200000e+02
   1.0430000e+03  -6.2000000e+01   2.0000000e+01
   1.0110000e+03  -1.1000000e+02   1.2100000e+02
   8.9100000e+02  -5.3000000e+01   2.1400000e+02
   9.9800000e+02   2.4400000e+02   3.3000000e+01
   1.0290000e+03   1.1000000e+02  -6.4000000e+01
   9.9900000e+02  -2.7900000e+02  -1.3900000e+02
   1.0600000e+03  -2.5000000e+01  -1.7000000e+02
   9.4700000e+02  -1.4000000e+02  -1.3200000e+02
   9.3300000e+02  -3.0800000e+02   1.8000000e+01
   9.3300000e+02  -3.0800000e+02   1.8000000e+01
   1.0370000e+03  -1.5500000e+02   1.5100000e+02
   8.7200000e+02  -1.8600000e+02   7.0000000e+01
   9.4100000e+02  -2.4800000e+02   2.4900000e+02
   1.0660000e+03  -3.0800000e+02   1.3800000e+02
   9.8100000e+02  -1.3600000e+02  -2.8600000e+02
   9.2800000e+02  -2.7700000e+02  -3.0100000e+02
