   1.0060000e+03  -7.8000000e+01  -5.9000000e+01
   9.0100000e+02  -6.9000000e+01   3.4000000e+01
   1.0990000e+03  -1.6800000e+02   3.2600000e+02
   1.0620000e+03  -7.0000000e+00   1.6900000e+02
   9.4400000e+02  -8.1000000e+01  -2.1600000e+02
   1.0010000e+03  -9.8000000e+01  -2.6700000e+02
   9.6500000e+02  -1.9000000e+02  -1.5600000e+02
   9.8400000e+02  -6.5000000e+01  -6.1000000e+01
   8.1400000e+02  -1.0400000e+02  -1.2100000e+02
   8.1400000e+02  -1.0400000e+02  -1.2100000e+02
   1.0330000e+03  -2.0300000e+02   1.1000000e+02
   8.6600000e+02  -5.1000000e+01   2.4000000e+01
   9.1800000e+02  -1.6500000e+02   3.3900000e+02
   1.0180000e+03  -2.3100000e+02   1.2000000e+02
   1.0180000e+03  -2.3100000e+02   1.2000000e+02
   1.0020000e+03  -1.8000000e+02  -1.3200000e+02
   1.0610000e+03  -1.6600000e+02  -5.4000000e+01
   9.6800000e+02  -2.2100000e+02   1.9000000e+01
   1.0310000e+03  -1.5500000e+02   3.0000000e+00
   1.0530000e+03   4.3000000e+01  -1.1600000e+02
   1.0220000e+03  -1.6000000e+02   1.3600000e+02
   9.2100000e+02  -1.3000000e+01   3.0000000e+01
   9.5200000e+02  -2.7200000e+02   2.6800000e+02
   1.0470000e+03  -1.6100000e+02   3.2000000e+01
   1.0250000e+03  -1.6600000e+02  -1.2200000e+02
   9.8500000e+02  -9.6000000e+01  -2.0500000e+02
   1.0510000e+03  -2.4900000e+02  -6.5000000e+01
   9.3100000e+02  -1.7700000e+02  -1.0400000e+02
   9.2800000e+02  -1.5900000e+02  -1.6200000e+02
   9.2800000e+02  -1.5900000e+02  -1.6200000e+02
   9.8800000e+02  -5.0000000e+01   2.3000000e+01
   9.0400000e+02  -4.0000000e+00   1.2100000e+02
   8.3900000e+02  -1.6500000e+02   1.8900000e+02
   9.6900000e+02  -1.3700000e+02   1.1100000e+02
   1.0150000e+03  -4.9200000e+02  -5.8000000e+01
   9.8700000e+02  -1.3600000e+02  -1.9400000e+02
   9.9100000e+02  -8.8000000e+01  -1.1300000e+02
   8.2400000e+02  -1.9700000e+02  -1.1700000e+02
   9.1500000e+02  -3.1000000e+01   3.9000000e+01
   9.9200000e+02  -1.7600000e+02  -1.5800000e+02
   1.0000000e+03  -1.8800000e+02   9.0000000e+00
   1.0880000e+03  -2.2700000e+02  -1.2100000e+02
   9.2800000e+02  -2.7800000e+02   2.2200000e+02
   9.2800000e+02  -2.7800000e+02   2.2200000e+02
   9.6200000e+02  -2.5500000e+02  -1.3200000e+02
   9.2700000e+02  -2.0300000e+02  -2.6500000e+02
   9.4600000e+02  -2.4900000e+02  -1.5500000e+02
   8.4000000e+02  -2.5000000e+02  -1.8100000e+02
   8.4000000e+02  -2.5000000e+02  -1.8100000e+02
   9.8300000e+02  -8.1000000e+01  -1.4400000e+02
   9.4000000e+02   3.7000000e+01   3.1000000e+01
   8.6400000e+02   2.3000000e+01   2.4200000e+02
   8.1100000e+02   1.5500000e+02   1.4000000e+01
   1.0030000e+03  -9.5000000e+01   1.5000000e+02
   1.0220000e+03  -1.5200000e+02   1.9000000e+01
   8.7600000e+02  -2.7800000e+02  -5.1000000e+01
   9.2500000e+02  -1.6900000e+02  -2.7200000e+02
   1.0240000e+03   7.0000000e+00  -4.4600000e+02
   1.0240000e+03   7.0000000e+00  -4.4600000e+02
   9.5800000e+02  -2.1900000e+02  -9.8000000e+01
   8.7000000e+02  -2.2300000e+02   3.4100000e+02
   8.3600000e+02  -2.1000000e+02   1.9200000e+02
   1.0070000e+03  -2.2600000e+02  -2.7200000e+02
   9.7600000e+02  -2.2100000e+02  -8.6000000e+01
   9.7000000e+02  -1.9300000e+02  -1.1700000e+02
   1.0040000e+03  -5.1000000e+01  -4.8000000e+01
   1.0040000e+03  -5.1000000e+01  -4.8000000e+01
   1.0040000e+03  -5.1000000e+01  -4.8000000e+01
   8.8100000e+02  -9.9000000e+01   1.9800000e+02
   8.9500000e+02  -1.1900000e+02   2.3200000e+02
   8.9500000e+02  -1.1900000e+02   2.3200000e+02
   9.5400000e+02  -2.0300000e+02  -4.7000000e+01
   9.3900000e+02  -2.2700000e+02  -2.1400000e+02
   9.6000000e+02  -2.1900000e+02  -1.3500000e+02
   9.9400000e+02  -2.0900000e+02  -1.1900000e+02
   9.9400000e+02  -2.0900000e+02  -1.1900000e+02
   1.0580000e+03  -1.6700000e+02   6.9000000e+01
   8.5200000e+02   9.0000000e+01   6.8000000e+01
   9.9200000e+02  -6.0000000e+01   1.6700000e+02
   9.6800000e+02   1.8900000e+02  -9.0000000e+00
   1.0160000e+03  -9.6000000e+01  -1.4200000e+02
   9.5100000e+02  -1.5200000e+02  -2.8700000e+02
   9.8200000e+02  -6.3000000e+01  -2.1800000e+02
   8.5400000e+02  -1.6000000e+01  -7.9000000e+01
   8.5400000e+02  -1.6000000e+01  -7.9000000e+01
   1.1390000e+03  -2.2500000e+02  -1.5900000e+02
   1.0430000e+03  -1.5800000e+02   8.6000000e+01
   1.0630000e+03  -9.5000000e+01   9.1000000e+01
   8.8100000e+02   3.4000000e+01   9.3000000e+01
   1.0220000e+03  -2.7000000e+02   9.5000000e+01
   1.0220000e+03  -2.7000000e+02   9.5000000e+01
   9.4700000e+02  -1.5600000e+02  -1.6100000e+02
   9.8700000e+02  -1.7100000e+02  -1.6000000e+02
   1.0060000e+03  -1.0900000e+02  -1.6700000e+02
   8.3400000e+02  -2.6000000e+02  -2.6000000e+02
   7.9100000e+02  -8.2000000e+01  -8.7000000e+01
