   1.0010000e+03  -8.1000000e+01  -1.7600000e+02
   9.8900000e+02  -9.4000000e+01  -1.3700000e+02
   1.0060000e+03  -1.2000000e+02  -4.9000000e+01
   9.8200000e+02  -1.3700000e+02   3.4000000e+01
   9.2300000e+02  -9.0000000e+00  -1.0400000e+02
   9.3000000e+02  -2.7700000e+02   1.8600000e+02
   9.9800000e+02  -2.1500000e+02   6.8000000e+01
   1.0170000e+03  -3.0000000e+00  -2.3800000e+02
   9.4700000e+02  -2.7600000e+02  -2.2400000e+02
   8.9300000e+02  -2.3600000e+02  -4.0000000e+00
   9.7300000e+02  -2.6300000e+02   1.0200000e+02
   1.0490000e+03  -1.9400000e+02  -4.9000000e+01
   1.0490000e+03  -1.9400000e+02  -4.9000000e+01
   8.9600000e+02  -1.4100000e+02   5.4000000e+01
   9.5100000e+02  -8.5000000e+01   1.9000000e+02
   9.3600000e+02   1.0000000e+01   1.6400000e+02
   1.0590000e+03  -3.4000000e+02   4.0000000e+01
   1.0290000e+03   4.9000000e+01  -2.9000000e+01
   9.9100000e+02  -1.1300000e+02  -1.7700000e+02
   8.9600000e+02  -1.7300000e+02   1.0600000e+02
   1.0710000e+03  -2.8000000e+01  -1.2900000e+02
   1.0440000e+03  -1.8900000e+02  -4.8000000e+01
   9.2300000e+02  -2.8300000e+02  -1.8800000e+02
   8.5300000e+02   5.1000000e+01  -6.0000000e+00
   7.3200000e+02  -6.3600000e+02   1.4300000e+02
   9.8000000e+02  -2.1000000e+01   2.0800000e+02
   9.9000000e+02  -3.5900000e+02   1.1600000e+02
   1.0580000e+03   9.6000000e+01   2.2000000e+01
   1.0040000e+03  -2.5400000e+02  -1.9700000e+02
   9.6200000e+02  -1.9000000e+02  -9.2000000e+01
   9.6900000e+02   8.4000000e+01  -1.9500000e+02
   8.6300000e+02  -8.8000000e+01  -1.0500000e+02
   8.6300000e+02  -8.8000000e+01  -1.0500000e+02
   1.0830000e+03  -1.9900000e+02  -2.0000000e+00
   1.0510000e+03  -1.7000000e+01   1.0700000e+02
   9.3200000e+02  -4.0200000e+02   2.4700000e+02
   9.0000000e+02  -1.6600000e+02   5.0000000e+01
   9.0000000e+02  -1.6600000e+02   5.0000000e+01
   9.7700000e+02  -2.5000000e+02  -1.4700000e+02
   9.5100000e+02  -1.9900000e+02  -1.5700000e+02
   1.0360000e+03  -2.0900000e+02   3.8000000e+01
   1.0000000e+03  -1.8700000e+02  -1.1900000e+02
   1.0840000e+03  -7.1000000e+01  -1.8900000e+02
   1.0840000e+03  -7.1000000e+01  -1.8900000e+02
   7.6000000e+02  -4.5000000e+01  -1.5900000e+02
   9.0300000e+02  -1.0400000e+02   6.8000000e+01
   9.9900000e+02  -3.9600000e+02  -7.4000000e+01
   9.9900000e+02  -3.9600000e+02  -7.4000000e+01
   9.5500000e+02  -1.5400000e+02  -2.5100000e+02
   9.1800000e+02  -3.9100000e+02  -4.4000000e+01
   9.7600000e+02   2.2000000e+01  -1.0900000e+02
   8.8600000e+02  -1.0500000e+02  -1.5000000e+01
   8.8600000e+02  -1.0500000e+02  -1.5000000e+01
   7.7100000e+02  -3.9000000e+01   3.8000000e+01
   9.2200000e+02  -3.3200000e+02   4.4300000e+02
   9.7200000e+02   2.0000000e+00   1.0000000e+02
   9.0400000e+02  -2.1200000e+02  -4.2900000e+02
   1.0240000e+03  -2.0000000e+02  -1.5900000e+02
   1.0230000e+03  -2.5000000e+01  -5.2000000e+01
   8.9100000e+02  -9.7000000e+01   4.1000000e+01
   8.5100000e+02   3.6000000e+01  -9.4000000e+01
   9.6300000e+02  -9.2000000e+01  -6.7000000e+01
   1.0030000e+03  -1.0200000e+02   4.0000000e+01
   9.1900000e+02  -6.5000000e+01   1.1800000e+02
   1.0210000e+03  -6.2000000e+01   3.0000000e+01
   1.0210000e+03  -6.2000000e+01   3.0000000e+01
   9.5800000e+02  -2.6600000e+02  -1.4700000e+02
   9.7900000e+02  -1.5100000e+02  -1.7900000e+02
   1.0040000e+03  -2.5200000e+02  -3.2000000e+01
   8.8800000e+02  -2.7000000e+02  -8.8000000e+01
   8.8800000e+02  -2.7000000e+02  -8.8000000e+01
   9.8600000e+02  -5.7000000e+01  -4.4000000e+01
   9.0900000e+02  -1.9200000e+02   4.7000000e+01
   7.5100000e+02  -1.9900000e+02   9.3000000e+01
   1.0400000e+03  -1.7700000e+02   9.7000000e+01
   8.7100000e+02  -2.4500000e+02  -1.2500000e+02
   9.3600000e+02  -2.0300000e+02  -2.4500000e+02
   1.0230000e+03   2.0000000e+01  -1.8600000e+02
   8.8900000e+02  -2.8900000e+02  -1.3700000e+02
   7.9000000e+02   2.1000000e+01  -2.6900000e+02
   7.9000000e+02   2.1000000e+01  -2.6900000e+02
   7.9000000e+02   2.1000000e+01  -2.6900000e+02
   9.8300000e+02  -1.5800000e+02   1.7500000e+02
   9.6100000e+02  -1.0800000e+02   3.1100000e+02
   9.5400000e+02   1.1700000e+02   2.7100000e+02
   9.3500000e+02  -2.2200000e+02   3.0400000e+02
   8.8900000e+02   4.4000000e+01   3.8000000e+01
   9.5500000e+02  -2.2700000e+02  -1.2000000e+02
   9.5900000e+02  -1.8500000e+02  -7.4000000e+01
   1.0110000e+03  -1.8900000e+02  -1.4000000e+02
   9.6600000e+02  -1.0200000e+02  -7.7000000e+01
   9.6600000e+02  -1.0200000e+02  -7.7000000e+01
   1.0940000e+03  -7.5000000e+01   2.3000000e+01
   9.3600000e+02  -4.4000000e+01  -2.2000000e+01
   8.4000000e+02  -1.5900000e+02   2.9700000e+02
   9.1500000e+02   5.2000000e+01   1.7400000e+02
