   9.8900000e+02  -7.3000000e+01  -1.6100000e+02
   1.0460000e+03  -9.6000000e+01  -6.9000000e+01
   9.6000000e+02  -2.0000000e+02   7.0000000e+00
   9.8900000e+02  -1.5000000e+02   9.0000000e+01
   1.0240000e+03  -2.5000000e+01   1.4600000e+02
   1.0240000e+03  -2.5000000e+01   1.4600000e+02
   1.0450000e+03  -2.2200000e+02  -6.7000000e+01
   9.3000000e+02  -3.4900000e+02  -2.5200000e+02
   9.1800000e+02  -3.0700000e+02  -1.0000000e+00
   1.0080000e+03  -1.4800000e+02  -1.1600000e+02
   1.0140000e+03  -2.5000000e+01  -1.2900000e+02
   1.0160000e+03  -3.2100000e+02   1.5000000e+01
   9.3400000e+02  -1.5000000e+01   1.3700000e+02
   7.7400000e+02  -8.0000000e+01   1.2100000e+02
   1.0570000e+03  -5.9000000e+01   1.7300000e+02
   1.0390000e+03  -3.0000000e+02   4.4000000e+01
   9.7200000e+02  -2.5600000e+02  -1.4100000e+02
   9.9100000e+02  -2.4000000e+02  -1.9900000e+02
   9.3300000e+02  -2.9000000e+02  -3.5000000e+01
   1.0860000e+03  -3.3800000e+02   3.1000000e+01
   8.7500000e+02  -1.2400000e+02  -2.1000000e+01
   9.8900000e+02  -2.1000000e+02   6.6000000e+01
   9.8900000e+02  -3.0200000e+02   2.7300000e+02
   9.2500000e+02   5.9000000e+01   2.3100000e+02
   1.0920000e+03   7.6000000e+01   3.7000000e+01
   1.0400000e+03   6.6000000e+01  -3.5000000e+01
   1.0210000e+03  -1.0100000e+02  -1.2900000e+02
   9.4300000e+02  -2.8400000e+02   1.3000000e+01
   9.2500000e+02  -1.9800000e+02  -9.2000000e+01
   9.2500000e+02  -1.9800000e+02  -9.2000000e+01
   1.0030000e+03  -1.0600000e+02   8.5000000e+01
   1.0650000e+03  -3.0000000e+01   1.0700000e+02
   7.8700000e+02  -1.1100000e+02   1.3600000e+02
   8.8800000e+02  -1.9800000e+02   2.2500000e+02
   1.0830000e+03  -1.5800000e+02   6.8000000e+01
   9.2100000e+02  -1.9500000e+02  -1.2100000e+02
   9.8300000e+02  -1.9500000e+02  -1.8100000e+02
   9.1700000e+02  -3.0400000e+02  -1.0100000e+02
   8.0600000e+02  -3.1000000e+02  -1.4800000e+02
   9.6000000e+02  -3.1800000e+02  -2.4000000e+01
   9.9400000e+02  -1.7800000e+02   1.2000000e+01
   9.9400000e+02  -1.7800000e+02   1.2000000e+01
   7.0500000e+02  -7.5000000e+01  -5.4000000e+01
   8.6300000e+02  -4.6400000e+02   3.4200000e+02
   1.0810000e+03   1.0200000e+02  -2.7000000e+01
   9.7700000e+02  -2.3200000e+02  -4.9000000e+01
   9.5700000e+02  -3.8100000e+02  -1.0700000e+02
   9.4100000e+02  -1.9500000e+02   6.0000000e+00
   9.8000000e+02  -3.3700000e+02  -6.4000000e+01
   8.7600000e+02  -1.0500000e+02  -2.5700000e+02
   1.0420000e+03  -2.0800000e+02   9.6000000e+01
   9.5800000e+02  -7.1000000e+01   3.0000000e+00
   8.0100000e+02   1.6200000e+02   2.8000000e+01
   1.0030000e+03  -9.5000000e+01   3.2600000e+02
   9.2100000e+02  -6.1000000e+01   2.2000000e+01
   9.6800000e+02  -1.6000000e+02  -2.7000000e+01
   9.7800000e+02  -1.3200000e+02  -6.6000000e+01
   9.3300000e+02  -1.8800000e+02   2.8000000e+01
   9.6100000e+02  -8.0000000e+00  -2.8100000e+02
   9.9100000e+02  -2.1600000e+02  -2.7000000e+01
   9.7400000e+02  -2.8900000e+02  -1.1300000e+02
   9.5300000e+02  -1.0400000e+02  -7.5000000e+01
   1.0120000e+03  -1.9000000e+02   3.4600000e+02
   8.3400000e+02  -3.2700000e+02   2.3900000e+02
   8.3400000e+02  -3.2700000e+02   2.3900000e+02
   9.5300000e+02  -1.8600000e+02   9.6000000e+01
   9.7000000e+02  -2.3200000e+02  -6.6000000e+01
   9.7500000e+02  -3.1200000e+02   1.3000000e+01
   9.2200000e+02  -1.1900000e+02   7.4000000e+01
   1.0920000e+03  -1.0000000e+00  -1.1600000e+02
   1.0580000e+03  -1.4500000e+02   9.7000000e+01
   9.6000000e+02  -1.1500000e+02   1.1100000e+02
   8.6000000e+02  -3.6800000e+02   2.3000000e+02
   8.9600000e+02  -1.9600000e+02   1.1700000e+02
   8.7300000e+02  -4.3500000e+02  -2.4900000e+02
   1.0000000e+03  -8.2000000e+01  -1.2400000e+02
   8.2800000e+02  -3.5800000e+02  -1.8000000e+02
   9.5000000e+02  -1.8900000e+02   6.5000000e+01
   1.0230000e+03  -1.6600000e+02   2.0000000e+00
   1.0230000e+03  -1.6600000e+02   2.0000000e+00
   1.0230000e+03  -1.6600000e+02   2.0000000e+00
   7.1700000e+02  -6.0000000e+00   1.1100000e+02
   9.3300000e+02   1.0000000e+00   2.2400000e+02
   9.3300000e+02   1.0000000e+00   2.2400000e+02
   9.8400000e+02  -2.9400000e+02  -6.0000000e+01
   8.6400000e+02  -4.0200000e+02  -1.5600000e+02
   9.8400000e+02  -1.6500000e+02  -1.2000000e+02
   9.4600000e+02  -5.1000000e+01  -9.0000000e+01
   1.0160000e+03  -1.5200000e+02  -1.2300000e+02
   9.7800000e+02  -1.3200000e+02  -1.1700000e+02
   1.0720000e+03  -8.6000000e+01   4.4000000e+01
   8.8500000e+02  -8.3000000e+01   1.1900000e+02
   8.2300000e+02  -3.6000000e+01   3.7000000e+01
   8.2300000e+02  -3.6000000e+01   3.7000000e+01
   1.0010000e+03  -2.8800000e+02  -7.8000000e+01
   9.2500000e+02  -2.3600000e+02  -2.4500000e+02
