   9.9300000e+02  -2.2500000e+02  -1.0700000e+02
   8.2400000e+02  -1.4000000e+02   1.1400000e+02
   9.7600000e+02  -1.7200000e+02   1.4600000e+02
   1.0540000e+03  -5.4800000e+02  -7.8000000e+01
   9.1900000e+02  -4.4100000e+02  -1.9600000e+02
   9.4300000e+02  -3.8100000e+02  -1.6700000e+02
   9.2500000e+02  -4.1500000e+02  -1.3600000e+02
   8.9300000e+02  -3.8200000e+02  -1.5400000e+02
   8.9300000e+02  -3.8200000e+02  -1.5400000e+02
   9.4700000e+02  -1.8000000e+02   5.0000000e+00
   8.8400000e+02  -1.4100000e+02   1.6400000e+02
   8.2200000e+02  -2.6400000e+02   7.4000000e+01
   1.0030000e+03   1.0000000e+00  -3.5000000e+01
   1.0800000e+03   1.3000000e+01  -8.8000000e+01
   9.4400000e+02  -1.7300000e+02  -1.4200000e+02
   9.6400000e+02  -3.0000000e+02  -5.2000000e+01
   9.2300000e+02  -1.3900000e+02  -1.8800000e+02
   1.0160000e+03  -1.9200000e+02  -2.1000000e+01
   8.5600000e+02  -3.3900000e+02  -4.3000000e+01
   1.0080000e+03  -2.0200000e+02   1.8000000e+01
   1.0850000e+03  -1.5100000e+02   1.4200000e+02
   8.6700000e+02  -1.2400000e+02   1.8200000e+02
   1.0330000e+03  -3.0800000e+02   4.3000000e+01
   1.0910000e+03   8.9000000e+01   4.7000000e+01
   1.0330000e+03  -3.3200000e+02  -2.4300000e+02
   1.0640000e+03  -1.7300000e+02  -1.7800000e+02
   9.6000000e+02  -1.3600000e+02  -5.4000000e+01
   9.1900000e+02  -9.2000000e+01  -4.5000000e+01
   1.0290000e+03  -6.2000000e+01  -1.4600000e+02
   1.0120000e+03  -2.0100000e+02   1.0100000e+02
   9.5400000e+02  -3.0000000e+01   1.4800000e+02
   7.9800000e+02   2.2000000e+02   2.9900000e+02
   7.9800000e+02   2.2000000e+02   2.9900000e+02
   1.0520000e+03  -3.1300000e+02   1.6000000e+01
   1.0650000e+03  -6.2000000e+01  -1.2200000e+02
   9.5400000e+02  -9.2000000e+01  -1.0000000e+00
   1.0950000e+03   9.5000000e+01  -4.8000000e+01
   9.7600000e+02  -3.4700000e+02   2.0000000e+00
   9.6300000e+02  -7.7000000e+01  -1.1600000e+02
   1.0440000e+03  -3.4100000e+02  -2.4900000e+02
   9.1800000e+02   9.3000000e+01   1.5500000e+02
   8.3100000e+02  -5.4000000e+01   2.1000000e+02
   8.6100000e+02  -6.1000000e+01   2.5600000e+02
   8.6100000e+02  -6.1000000e+01   2.5600000e+02
   1.0220000e+03  -5.9000000e+01   1.2000000e+01
   9.5200000e+02  -1.2600000e+02  -1.4400000e+02
   9.8800000e+02  -1.5200000e+02   1.2700000e+02
   9.1200000e+02  -1.5800000e+02   2.0000000e+00
   8.9200000e+02  -3.7300000e+02  -1.1100000e+02
   9.9800000e+02  -5.5000000e+01   1.3800000e+02
   1.0540000e+03  -5.9000000e+01   1.9000000e+01
   8.8400000e+02  -7.3000000e+01   5.9000000e+01
   9.6400000e+02  -2.5200000e+02   3.2800000e+02
   9.8300000e+02  -2.5300000e+02  -5.6000000e+01
   1.0170000e+03  -1.3900000e+02  -1.1600000e+02
   9.6200000e+02  -4.8800000e+02  -3.2000000e+01
   9.4700000e+02  -1.7200000e+02  -7.4000000e+01
   8.7700000e+02  -1.7600000e+02  -1.5800000e+02
   1.0070000e+03  -5.0800000e+02  -6.7000000e+01
   1.0530000e+03  -1.0000000e+02   6.1000000e+01
   1.0150000e+03  -1.2000000e+02   2.3300000e+02
   9.4900000e+02  -3.3500000e+02   2.2400000e+02
   9.1000000e+02  -2.7000000e+01   1.0300000e+02
   9.1000000e+02  -2.7000000e+01   1.0300000e+02
   1.0370000e+03  -3.4000000e+01  -6.6000000e+01
   8.8300000e+02  -2.6700000e+02  -2.8400000e+02
   9.4500000e+02  -1.3800000e+02  -1.3800000e+02
   1.0270000e+03  -1.5200000e+02  -2.8000000e+01
   1.0270000e+03  -1.5200000e+02  -2.8000000e+01
   9.6400000e+02  -2.0000000e+00  -6.9000000e+01
   9.6400000e+02  -2.0000000e+00  -6.9000000e+01
   8.9700000e+02  -8.9000000e+01   1.0800000e+02
   8.5500000e+02   1.3400000e+02   2.6100000e+02
   8.5500000e+02   1.3400000e+02   2.6100000e+02
   9.5700000e+02  -2.6600000e+02  -1.8900000e+02
   9.3900000e+02   2.0500000e+02  -2.0300000e+02
   9.5600000e+02  -2.3900000e+02  -2.3900000e+02
   8.2200000e+02  -8.4000000e+01  -2.7600000e+02
   8.2200000e+02  -8.4000000e+01  -2.7600000e+02
   9.9800000e+02   7.0000000e+00  -1.6800000e+02
   9.9800000e+02   7.0000000e+00  -1.6800000e+02
   7.8500000e+02  -8.1000000e+01   3.4000000e+01
   9.9000000e+02  -8.3000000e+01   1.8500000e+02
   9.6900000e+02  -2.1400000e+02  -3.7800000e+02
   9.9300000e+02  -1.5300000e+02  -1.2500000e+02
   9.5800000e+02   8.0000000e+00  -1.7800000e+02
   9.2100000e+02   1.5800000e+02  -2.6000000e+02
   9.4200000e+02  -1.3400000e+02   2.4000000e+01
   9.5600000e+02  -2.3200000e+02   1.0300000e+02
   9.8000000e+02  -1.6000000e+02   1.1800000e+02
   9.2000000e+02  -3.7000000e+01   1.0500000e+02
   1.0010000e+03  -9.2000000e+01   1.6900000e+02
   9.5500000e+02  -3.2000000e+02   1.4600000e+02
   9.2100000e+02  -4.3800000e+02  -7.8000000e+01
   9.2000000e+02  -3.6000000e+02  -2.5100000e+02
   8.5200000e+02  -2.6300000e+02  -4.7000000e+01
