   9.3400000e+02  -2.1000000e+02  -2.3600000e+02
   9.5800000e+02  -1.8300000e+02  -1.5300000e+02
   9.5400000e+02  -1.6400000e+02  -1.1700000e+02
   1.0930000e+03  -1.7100000e+02   3.0000000e+00
   1.0930000e+03  -1.7100000e+02   3.0000000e+00
   1.0930000e+03  -1.7100000e+02   3.0000000e+00
   8.2100000e+02  -2.5000000e+01  -1.8000000e+01
   7.2800000e+02   7.0000000e+01   3.8600000e+02
   7.2800000e+02   7.0000000e+01   3.8600000e+02
   9.9800000e+02  -1.9300000e+02  -9.0000000e+01
   9.5500000e+02  -3.5500000e+02  -2.0000000e+01
   9.2300000e+02  -3.0600000e+02  -5.9000000e+01
   9.1000000e+02  -6.1000000e+01  -5.7000000e+01
   9.1000000e+02  -6.1000000e+01  -5.7000000e+01
   1.0340000e+03  -8.4000000e+01   2.0000000e+01
   9.5900000e+02  -1.1600000e+02   1.1900000e+02
   8.9000000e+02  -1.2500000e+02   2.2300000e+02
   1.0040000e+03  -8.3000000e+01   1.6500000e+02
   1.0040000e+03  -8.3000000e+01   1.6500000e+02
   9.9400000e+02  -1.8500000e+02  -5.7000000e+01
   9.8800000e+02  -1.9600000e+02  -1.3300000e+02
   8.9200000e+02  -2.7700000e+02  -2.1200000e+02
   9.5000000e+02  -2.2500000e+02  -5.7000000e+01
   9.5700000e+02  -1.9400000e+02  -1.3800000e+02
   1.0910000e+03  -8.0000000e+01  -8.6000000e+01
   1.0180000e+03  -1.3800000e+02   1.7400000e+02
   9.1700000e+02  -1.5000000e+01   1.5000000e+02
   8.8000000e+02  -1.1100000e+02   2.6400000e+02
   1.0430000e+03  -2.0400000e+02   1.6200000e+02
   9.3700000e+02   2.7000000e+01  -2.2000000e+02
   9.5900000e+02  -1.7500000e+02  -2.0800000e+02
   9.7100000e+02  -6.5000000e+01  -1.7500000e+02
   8.9500000e+02  -1.5300000e+02  -1.3900000e+02
   9.2900000e+02  -2.7200000e+02  -1.0500000e+02
   1.0250000e+03   5.7000000e+01  -1.3400000e+02
   1.0350000e+03  -1.9500000e+02  -1.6500000e+02
   8.0100000e+02  -5.8000000e+01  -1.5800000e+02
   1.0200000e+03  -4.1000000e+01   2.0000000e+02
   1.0360000e+03  -3.5500000e+02   1.5500000e+02
   9.4100000e+02  -1.3900000e+02  -2.0000000e+01
   9.9800000e+02  -2.3300000e+02  -1.2500000e+02
   9.8100000e+02  -3.1600000e+02  -1.1300000e+02
   9.2300000e+02  -2.4400000e+02  -3.9000000e+01
   9.9400000e+02  -6.0000000e+01  -1.3700000e+02
   8.7500000e+02  -1.9800000e+02  -2.0700000e+02
   1.0080000e+03  -7.5000000e+01  -1.7800000e+02
   1.0080000e+03  -7.5000000e+01  -1.7800000e+02
   7.8700000e+02   9.5000000e+01   1.1500000e+02
   8.6700000e+02  -1.2700000e+02   3.5800000e+02
   8.6700000e+02  -1.2700000e+02   3.5800000e+02
   9.2200000e+02  -5.7800000e+02  -6.0000000e+00
   9.1000000e+02  -3.6800000e+02  -2.1600000e+02
   9.9300000e+02  -1.8500000e+02  -1.4400000e+02
   9.4800000e+02  -1.7200000e+02  -6.0000000e+01
   9.2000000e+02  -1.5000000e+01  -5.4000000e+01
   9.4700000e+02   1.5500000e+02  -2.3100000e+02
   9.9900000e+02  -7.7000000e+01   2.8000000e+01
   9.5200000e+02  -5.1000000e+01   2.1000000e+01
   8.7500000e+02   3.4000000e+01   1.6900000e+02
   1.0440000e+03   1.5000000e+01   1.2000000e+02
   1.0440000e+03   1.5000000e+01   1.2000000e+02
   9.3800000e+02  -3.6300000e+02  -1.8100000e+02
   9.7100000e+02  -3.2900000e+02  -9.9000000e+01
   9.2900000e+02  -2.4200000e+02  -9.7000000e+01
   8.5200000e+02  -2.0100000e+02  -1.1300000e+02
   1.0750000e+03  -1.2600000e+02   2.7000000e+01
   1.0390000e+03  -2.0100000e+02   6.8000000e+01
   1.0550000e+03  -1.8000000e+01   1.3900000e+02
   8.3400000e+02  -6.4000000e+01   1.8800000e+02
   9.0700000e+02  -9.4000000e+01   2.2200000e+02
   1.0440000e+03  -4.5500000e+02   8.6000000e+01
   1.0450000e+03  -2.4800000e+02  -6.9000000e+01
   1.0090000e+03  -2.2400000e+02  -1.2900000e+02
   1.0090000e+03  -2.2400000e+02  -1.2900000e+02
   9.9100000e+02  -7.6000000e+01  -8.8000000e+01
   9.2800000e+02  -2.1400000e+02   2.9000000e+01
   7.0200000e+02  -2.2400000e+02  -2.1700000e+02
   9.6500000e+02   4.9000000e+01  -1.8200000e+02
   1.0140000e+03  -1.4300000e+02   7.9000000e+01
   8.8000000e+02  -9.4000000e+01   7.5000000e+01
   1.0360000e+03  -6.0000000e+00   1.9800000e+02
   1.0030000e+03  -4.5000000e+01   2.1000000e+01
   9.4300000e+02  -4.0500000e+02  -2.5000000e+02
   9.7900000e+02  -2.5300000e+02  -1.3600000e+02
   1.0250000e+03  -1.1500000e+02  -1.0900000e+02
   9.9800000e+02  -2.3400000e+02  -1.0200000e+02
   9.3900000e+02  -5.2200000e+02   3.2000000e+01
   9.3900000e+02  -5.2200000e+02   3.2000000e+01
   9.1100000e+02  -5.9000000e+01  -2.4800000e+02
   9.6000000e+02  -2.2000000e+02   2.8300000e+02
   9.4700000e+02  -6.5000000e+01   1.4600000e+02
   9.4700000e+02  -6.5000000e+01   1.4600000e+02
   9.5500000e+02  -1.8900000e+02  -2.7400000e+02
   9.1900000e+02  -1.2300000e+02  -2.1700000e+02
   9.5300000e+02  -2.4700000e+02  -1.0100000e+02
   7.2600000e+02   1.5000000e+01  -1.5200000e+02
