   9.9200000e+02  -1.3100000e+02  -8.2000000e+01
   9.9000000e+02  -1.3100000e+02  -8.2000000e+01
   9.9000000e+02  -1.3000000e+02  -9.5000000e+01
   1.0390000e+03  -2.7400000e+02   2.5000000e+02
   7.8900000e+02   1.0400000e+02   9.3000000e+01
   7.8900000e+02   1.0400000e+02   9.3000000e+01
   7.8900000e+02   1.0400000e+02   9.3000000e+01
   9.8900000e+02  -2.6100000e+02  -1.3700000e+02
   9.6400000e+02  -1.8600000e+02  -1.7200000e+02
   9.1600000e+02  -3.3600000e+02  -7.7000000e+01
   9.9300000e+02  -3.5100000e+02  -4.2000000e+01
   9.7800000e+02  -2.7000000e+01  -2.6000000e+01
   1.0580000e+03  -1.8000000e+02   8.1000000e+01
   8.8200000e+02  -1.2500000e+02   8.7000000e+01
   1.0210000e+03  -1.6400000e+02   2.7500000e+02
   9.1400000e+02   6.0000000e+00  -1.9400000e+02
   9.3200000e+02  -1.4800000e+02  -2.3700000e+02
   9.7100000e+02  -2.1900000e+02  -2.8200000e+02
   8.8900000e+02  -2.9800000e+02  -1.2000000e+01
   8.8900000e+02  -2.9800000e+02  -1.2000000e+01
   1.0650000e+03  -1.0500000e+02  -1.2800000e+02
   9.9200000e+02  -1.5800000e+02  -1.3300000e+02
   1.0760000e+03  -8.7000000e+01  -7.1000000e+01
   6.5000000e+02   2.0700000e+02   2.3100000e+02
   7.7200000e+02  -3.2500000e+02   4.5700000e+02
   9.6400000e+02  -5.0000000e+00   2.5600000e+02
   9.8200000e+02   9.9000000e+01  -3.8000000e+01
   9.4500000e+02  -1.3100000e+02  -7.3000000e+01
   1.0430000e+03   1.4700000e+02   3.2000000e+01
   9.0300000e+02  -4.8300000e+02   1.4800000e+02
   9.0300000e+02  -4.8300000e+02   1.4800000e+02
   1.0220000e+03  -2.3200000e+02   2.5000000e+01
   1.0230000e+03  -1.1000000e+02   3.4000000e+01
   8.5000000e+02  -1.3700000e+02   1.4700000e+02
   9.4900000e+02  -1.3400000e+02   2.4500000e+02
   1.0340000e+03  -4.4400000e+02   1.8900000e+02
   9.6700000e+02  -2.6200000e+02  -3.7000000e+01
   9.6900000e+02  -3.1800000e+02  -1.0200000e+02
   9.4500000e+02  -2.5800000e+02  -8.4000000e+01
   9.4500000e+02  -2.5800000e+02  -8.4000000e+01
   1.0120000e+03  -2.5000000e+01   1.4300000e+02
   9.8300000e+02  -1.6200000e+02   1.3400000e+02
   9.8300000e+02  -1.6200000e+02   1.3400000e+02
   9.0100000e+02  -1.0300000e+02   1.2200000e+02
   9.0100000e+02  -1.0300000e+02   1.2200000e+02
   9.7600000e+02  -2.2000000e+01  -8.7000000e+01
   9.0300000e+02  -4.1500000e+02  -3.1400000e+02
   9.6900000e+02  -3.0000000e+02  -1.0200000e+02
   8.7900000e+02  -1.8000000e+02  -3.9000000e+01
   8.9900000e+02  -2.0500000e+02  -7.5000000e+01
   9.4200000e+02   1.1000000e+01  -2.4000000e+01
   1.0110000e+03  -1.4700000e+02   6.0000000e+00
   8.1100000e+02   7.0000000e+00   5.8000000e+01
   9.9600000e+02  -2.7200000e+02   4.1800000e+02
   9.9600000e+02  -2.7200000e+02   4.1800000e+02
   9.3400000e+02  -2.3700000e+02  -2.4900000e+02
   9.4800000e+02  -2.5500000e+02  -1.5000000e+02
   8.8300000e+02  -1.9800000e+02  -1.3200000e+02
   8.4100000e+02  -2.7100000e+02  -8.1000000e+01
   8.4100000e+02  -2.7100000e+02  -8.1000000e+01
   9.8500000e+02  -7.3000000e+01   6.6000000e+01
   1.0390000e+03  -1.5500000e+02   7.2000000e+01
   8.4500000e+02  -2.6600000e+02   1.3100000e+02
   1.0460000e+03  -7.8000000e+01   1.4300000e+02
   1.0460000e+03  -7.8000000e+01   1.4300000e+02
   1.0010000e+03  -1.1500000e+02  -3.1700000e+02
   9.5800000e+02  -1.8700000e+02  -1.1300000e+02
   7.2700000e+02  -1.2800000e+02  -9.0000000e+01
   1.0570000e+03  -3.5100000e+02  -1.4100000e+02
   1.0150000e+03  -9.3000000e+01  -8.1000000e+01
   9.1400000e+02  -1.4000000e+02  -7.5000000e+01
   9.2500000e+02  -1.5900000e+02   2.2200000e+02
   9.3700000e+02  -1.8700000e+02   1.8600000e+02
   8.5600000e+02  -1.1200000e+02  -2.1100000e+02
   9.8500000e+02  -7.0000000e+01  -1.5900000e+02
   9.7600000e+02  -2.3800000e+02  -1.7100000e+02
   9.5400000e+02  -2.1900000e+02  -3.9000000e+01
   9.5400000e+02  -2.1900000e+02  -3.9000000e+01
   8.5400000e+02  -6.4500000e+02  -3.3500000e+02
   1.0250000e+03  -1.5800000e+02  -1.3200000e+02
   9.4200000e+02  -1.6200000e+02  -1.5500000e+02
   9.4400000e+02  -1.4000000e+02   8.2000000e+01
   9.8600000e+02  -2.7800000e+02   2.7300000e+02
   9.5800000e+02   1.5000000e+01   3.5600000e+02
   1.0240000e+03   1.0100000e+02   2.5600000e+02
   7.9400000e+02  -1.8000000e+01   1.7400000e+02
   1.0050000e+03  -1.7500000e+02   1.0000000e+01
   1.0940000e+03  -2.8000000e+01  -4.2000000e+01
   9.7800000e+02  -1.6500000e+02  -1.9200000e+02
   7.7800000e+02  -3.4000000e+02  -9.3000000e+01
   7.7800000e+02  -3.4000000e+02  -9.3000000e+01
   1.0790000e+03  -1.8900000e+02   3.9000000e+01
   9.4500000e+02   1.2000000e+01   1.2000000e+01
   9.7400000e+02  -1.5900000e+02   2.2800000e+02
   9.8400000e+02  -2.1100000e+02   1.0500000e+02
   1.0020000e+03  -1.6400000e+02  -1.3900000e+02
