   1.7300000e+02  -5.0000000e+00   1.0320000e+03
   1.7100000e+02  -3.0000000e+01   1.0290000e+03
   1.8300000e+02  -1.1000000e+01   1.0230000e+03
   1.7600000e+02  -3.0000000e+00   1.0240000e+03
   1.7000000e+02  -1.5000000e+01   1.0250000e+03
   1.6100000e+02  -1.3000000e+01   1.0260000e+03
   1.6700000e+02  -1.7000000e+01   1.0240000e+03
   1.8100000e+02  -2.0000000e+01   1.0260000e+03
   1.7000000e+02  -1.0000000e+01   1.0230000e+03
   1.7200000e+02  -1.4000000e+01   1.0270000e+03
   1.7600000e+02   2.0000000e+00   1.0190000e+03
   1.7300000e+02  -1.0000000e+01   1.0240000e+03
   1.6500000e+02  -2.2000000e+01   1.0250000e+03
   1.6800000e+02  -1.7000000e+01   1.0270000e+03
   1.7400000e+02  -2.2000000e+01   1.0280000e+03
   1.8200000e+02  -1.2000000e+01   1.0270000e+03
   1.7800000e+02  -1.9000000e+01   1.0260000e+03
   1.8100000e+02  -1.5000000e+01   1.0210000e+03
   1.8000000e+02  -7.0000000e+00   1.0250000e+03
   1.7600000e+02  -1.0000000e+01   1.0280000e+03
   1.7300000e+02  -2.0000000e+01   1.0260000e+03
   1.8500000e+02  -2.3000000e+01   1.0250000e+03
   1.6700000e+02  -1.9000000e+01   1.0270000e+03
   1.7200000e+02  -1.0000000e+01   1.0250000e+03
   1.7600000e+02  -3.2000000e+01   1.0230000e+03
   1.7000000e+02  -2.6000000e+01   1.0260000e+03
   1.6500000e+02  -1.2000000e+01   1.0270000e+03
   1.7200000e+02  -2.5000000e+01   1.0280000e+03
   1.6800000e+02  -1.7000000e+01   1.0260000e+03
   1.7400000e+02  -2.0000000e+01   1.0270000e+03
   1.7700000e+02  -1.8000000e+01   1.0270000e+03
   1.7400000e+02  -1.4000000e+01   1.0270000e+03
   1.7200000e+02  -1.6000000e+01   1.0260000e+03
   1.7300000e+02  -1.7000000e+01   1.0270000e+03
   1.7300000e+02  -1.9000000e+01   1.0270000e+03
   1.7300000e+02  -1.8000000e+01   1.0270000e+03
   1.7300000e+02  -1.7000000e+01   1.0260000e+03
   1.7500000e+02  -1.4000000e+01   1.0280000e+03
   1.7100000e+02  -1.4000000e+01   1.0250000e+03
   1.6700000e+02  -1.9000000e+01   1.0250000e+03
   1.7300000e+02  -1.5000000e+01   1.0270000e+03
   1.7600000e+02  -1.1000000e+01   1.0270000e+03
   1.6700000e+02  -1.8000000e+01   1.0260000e+03
   1.6600000e+02  -2.2000000e+01   1.0250000e+03
   1.7200000e+02  -1.4000000e+01   1.0270000e+03
   1.7100000e+02  -1.1000000e+01   1.0270000e+03
   1.7500000e+02  -1.0000000e+01   1.0270000e+03
   1.7000000e+02  -1.1000000e+01   1.0280000e+03
   1.7000000e+02  -1.1000000e+01   1.0260000e+03
   1.7100000e+02  -1.5000000e+01   1.0270000e+03
   1.7100000e+02  -1.7000000e+01   1.0270000e+03
   1.7200000e+02  -1.5000000e+01   1.0270000e+03
   1.7100000e+02  -1.4000000e+01   1.0270000e+03
   1.7500000e+02  -1.5000000e+01   1.0270000e+03
   1.7300000e+02  -1.6000000e+01   1.0270000e+03
   1.7300000e+02  -1.9000000e+01   1.0250000e+03
   1.7100000e+02  -1.9000000e+01   1.0270000e+03
   1.7000000e+02  -1.8000000e+01   1.0280000e+03
   1.7100000e+02  -1.7000000e+01   1.0270000e+03
   1.7200000e+02  -1.5000000e+01   1.0270000e+03
   1.7300000e+02  -1.4000000e+01   1.0250000e+03
   1.7300000e+02  -1.5000000e+01   1.0270000e+03
   1.7300000e+02  -1.4000000e+01   1.0270000e+03
   1.7300000e+02  -1.5000000e+01   1.0270000e+03
   1.7400000e+02  -1.3000000e+01   1.0260000e+03
   1.7000000e+02  -1.6000000e+01   1.0280000e+03
   1.7300000e+02  -1.4000000e+01   1.0270000e+03
   1.6900000e+02  -1.6000000e+01   1.0260000e+03
   1.7300000e+02  -1.5000000e+01   1.0280000e+03
   1.7200000e+02  -1.4000000e+01   1.0280000e+03
   1.7900000e+02  -1.1000000e+01   1.0280000e+03
   1.7500000e+02  -1.3000000e+01   1.0270000e+03
   1.7200000e+02  -1.3000000e+01   1.0260000e+03
   1.7500000e+02  -1.5000000e+01   1.0270000e+03
   1.7200000e+02  -1.4000000e+01   1.0270000e+03
   1.7400000e+02  -1.3000000e+01   1.0270000e+03
   1.7300000e+02  -1.3000000e+01   1.0270000e+03
   1.7200000e+02  -1.4000000e+01   1.0260000e+03
   1.7000000e+02  -1.5000000e+01   1.0270000e+03
   1.7200000e+02  -1.2000000e+01   1.0280000e+03
   1.6800000e+02  -1.3000000e+01   1.0270000e+03
   1.7100000e+02  -1.4000000e+01   1.0270000e+03
   1.7200000e+02  -1.3000000e+01   1.0270000e+03
   1.7400000e+02  -1.1000000e+01   1.0260000e+03
   1.6700000e+02  -1.7000000e+01   1.0280000e+03
   1.7100000e+02  -1.6000000e+01   1.0260000e+03
   1.7100000e+02  -1.5000000e+01   1.0270000e+03
   1.7200000e+02  -1.4000000e+01   1.0260000e+03
   1.7400000e+02  -1.6000000e+01   1.0260000e+03
   1.7300000e+02  -1.3000000e+01   1.0260000e+03
   1.7300000e+02  -1.3000000e+01   1.0260000e+03
   1.7500000e+02  -1.0000000e+01   1.0270000e+03
   1.7300000e+02  -1.2000000e+01   1.0270000e+03
   1.7300000e+02  -1.2000000e+01   1.0260000e+03
   1.7500000e+02  -1.3000000e+01   1.0270000e+03
   1.7000000e+02  -1.4000000e+01   1.0270000e+03
