   2.0000000e+02   0.0000000e+00   1.0200000e+03
   1.9400000e+02   4.0000000e+00   1.0230000e+03
   2.0800000e+02   9.0000000e+00   1.0200000e+03
   1.8900000e+02  -3.0000000e+00   1.0230000e+03
   2.0900000e+02   2.0000000e+01   1.0180000e+03
   2.1400000e+02  -4.0000000e+00   1.0130000e+03
   2.2800000e+02   1.5000000e+01   1.0100000e+03
   2.2900000e+02   1.8000000e+01   1.0120000e+03
   2.3400000e+02   9.0000000e+00   1.0170000e+03
   2.3800000e+02   2.5000000e+01   1.0110000e+03
   2.1700000e+02   8.0000000e+00   1.0240000e+03
   1.9100000e+02  -3.6000000e+01   1.0220000e+03
   2.1700000e+02  -8.0000000e+00   1.0150000e+03
   1.9500000e+02  -1.0000000e+01   1.0220000e+03
   2.2000000e+02   3.3000000e+01   1.0150000e+03
   2.1100000e+02   1.4000000e+01   1.0190000e+03
   1.8700000e+02  -2.4000000e+01   1.0140000e+03
   1.9600000e+02   3.0000000e+00   1.0220000e+03
   2.0200000e+02   1.4000000e+01   1.0200000e+03
   2.0000000e+02   9.0000000e+00   1.0230000e+03
   2.0100000e+02   8.0000000e+00   1.0210000e+03
   2.0400000e+02   1.4000000e+01   1.0200000e+03
   2.0000000e+02   1.3000000e+01   1.0210000e+03
   2.0900000e+02   1.5000000e+01   1.0180000e+03
   2.0800000e+02   2.1000000e+01   1.0200000e+03
   2.1100000e+02   3.0000000e+00   1.0170000e+03
   2.1600000e+02   1.8000000e+01   1.0170000e+03
   2.0100000e+02  -3.0000000e+00   1.0210000e+03
   2.0400000e+02   5.0000000e+00   1.0200000e+03
   2.1500000e+02   1.2000000e+01   1.0170000e+03
   2.0400000e+02   1.7000000e+01   1.0220000e+03
   2.1400000e+02   1.1000000e+01   1.0170000e+03
   2.1200000e+02   1.5000000e+01   1.0180000e+03
   2.0800000e+02   1.0000000e+01   1.0200000e+03
   2.0900000e+02   7.0000000e+00   1.0190000e+03
   2.0100000e+02   1.0000000e+00   1.0250000e+03
   2.0500000e+02  -1.0000000e+00   1.0190000e+03
   2.1300000e+02   2.1000000e+01   1.0160000e+03
   2.0600000e+02   7.0000000e+00   1.0180000e+03
   2.0900000e+02   8.0000000e+00   1.0180000e+03
   2.0900000e+02   1.6000000e+01   1.0200000e+03
   2.0600000e+02   7.0000000e+00   1.0190000e+03
   2.1200000e+02   1.2000000e+01   1.0180000e+03
   2.0900000e+02   1.3000000e+01   1.0190000e+03
   2.0600000e+02   1.1000000e+01   1.0200000e+03
   2.0800000e+02   1.0000000e+01   1.0180000e+03
   2.0900000e+02   1.3000000e+01   1.0190000e+03
   2.0800000e+02   1.2000000e+01   1.0180000e+03
   2.0600000e+02   1.3000000e+01   1.0190000e+03
   2.0600000e+02   1.1000000e+01   1.0200000e+03
   2.1100000e+02   1.7000000e+01   1.0180000e+03
   2.0600000e+02   1.1000000e+01   1.0240000e+03
   2.0400000e+02   1.1000000e+01   1.0220000e+03
   1.9700000e+02   5.0000000e+00   1.0250000e+03
   2.0300000e+02   7.0000000e+00   1.0190000e+03
   2.1000000e+02   1.4000000e+01   1.0160000e+03
   2.0800000e+02   1.3000000e+01   1.0190000e+03
   2.0700000e+02   1.7000000e+01   1.0190000e+03
   2.0400000e+02   2.1000000e+01   1.0200000e+03
   2.0400000e+02   1.9000000e+01   1.0200000e+03
   2.0400000e+02   1.5000000e+01   1.0200000e+03
   2.0900000e+02   2.3000000e+01   1.0210000e+03
   2.0800000e+02   2.3000000e+01   1.0190000e+03
   2.1000000e+02   1.6000000e+01   1.0180000e+03
   2.0800000e+02   2.9000000e+01   1.0130000e+03
   1.9500000e+02  -2.3000000e+01   1.0230000e+03
   1.9300000e+02   7.0000000e+00   1.0240000e+03
   1.9500000e+02   2.2000000e+01   1.0180000e+03
   1.8600000e+02  -2.2000000e+01   1.0180000e+03
   1.8200000e+02   1.4000000e+01   1.0280000e+03
   1.8900000e+02   0.0000000e+00   1.0230000e+03
   1.8100000e+02   2.2000000e+01   1.0320000e+03
   1.9800000e+02  -3.5000000e+01   1.0200000e+03
   1.7700000e+02  -3.2000000e+01   1.0350000e+03
   2.2700000e+02   7.8000000e+01   1.0210000e+03
   1.8600000e+02   2.3000000e+01   1.0270000e+03
   2.0400000e+02   2.1000000e+01   1.0170000e+03
   1.9900000e+02   1.7000000e+01   1.0190000e+03
   1.9300000e+02   1.9000000e+01   1.0230000e+03
   2.0400000e+02  -6.0000000e+00   1.0150000e+03
   2.0600000e+02   1.0000000e+00   1.0220000e+03
   2.2000000e+02   1.1000000e+01   1.0200000e+03
   1.7400000e+02   4.6000000e+01   1.0410000e+03
   1.9100000e+02   4.5000000e+01   1.0350000e+03
   1.9000000e+02  -2.0000000e+00   1.0340000e+03
   1.9800000e+02  -6.0000000e+00   1.0240000e+03
   2.1900000e+02   5.5000000e+01   1.0190000e+03
   1.9000000e+02   2.6000000e+01   1.0280000e+03
   1.8900000e+02  -1.4000000e+01   1.0200000e+03
   1.9500000e+02   8.0000000e+00   1.0230000e+03
   1.7300000e+02   6.0000000e+00   1.0330000e+03
   2.0600000e+02   4.5000000e+01   1.0150000e+03
   2.0400000e+02   5.0000000e+00   1.0130000e+03
   1.8200000e+02   2.4000000e+01   1.0350000e+03
   2.0100000e+02   3.1000000e+01   1.0150000e+03
   2.1000000e+02   3.3000000e+01   1.0130000e+03
