   2.1200000e+02  -1.2900000e+02   1.0110000e+03
   2.1100000e+02  -1.3200000e+02   1.0110000e+03
   2.0800000e+02  -1.3800000e+02   1.0130000e+03
   2.1000000e+02  -1.4000000e+02   1.0110000e+03
   2.1000000e+02  -1.3800000e+02   1.0100000e+03
   2.1100000e+02  -1.3000000e+02   1.0100000e+03
   2.0600000e+02  -1.3600000e+02   1.0140000e+03
   2.1200000e+02  -1.3100000e+02   1.0100000e+03
   2.1000000e+02  -1.3300000e+02   1.0110000e+03
   2.0900000e+02  -1.3400000e+02   1.0110000e+03
   2.1100000e+02  -1.3600000e+02   1.0100000e+03
   2.1000000e+02  -1.4300000e+02   1.0100000e+03
   2.0700000e+02  -1.3600000e+02   1.0140000e+03
   2.0500000e+02  -1.4300000e+02   1.0100000e+03
   2.0900000e+02  -1.2200000e+02   1.0110000e+03
   2.0900000e+02  -1.3800000e+02   1.0100000e+03
   2.1100000e+02  -1.3000000e+02   1.0100000e+03
   2.1000000e+02  -1.3800000e+02   1.0100000e+03
   2.1100000e+02  -1.3500000e+02   1.0100000e+03
   2.0800000e+02  -1.4200000e+02   1.0100000e+03
   2.1100000e+02  -1.3600000e+02   1.0100000e+03
   2.1000000e+02  -1.3800000e+02   1.0120000e+03
   2.0600000e+02  -1.4300000e+02   1.0180000e+03
   2.1300000e+02  -1.3200000e+02   1.0090000e+03
   2.2100000e+02  -1.0200000e+02   1.0150000e+03
   2.1200000e+02  -1.3500000e+02   1.0100000e+03
   2.1700000e+02  -1.2900000e+02   1.0090000e+03
   2.1900000e+02  -1.0200000e+02   1.0100000e+03
   2.2200000e+02  -1.0600000e+02   1.0100000e+03
   2.1600000e+02  -1.1900000e+02   1.0080000e+03
   1.8000000e+02  -1.5600000e+02   1.0230000e+03
   1.9600000e+02  -1.6300000e+02   1.0110000e+03
   1.7600000e+02  -9.9000000e+01   1.0170000e+03
   1.7200000e+02  -1.2000000e+02   1.0220000e+03
   1.7800000e+02  -1.1100000e+02   1.0140000e+03
   1.6800000e+02  -1.6600000e+02   1.0110000e+03
   1.6800000e+02  -1.0200000e+02   1.0240000e+03
   1.6300000e+02  -1.4000000e+02   1.0180000e+03
   1.7200000e+02  -1.1200000e+02   1.0240000e+03
   1.9000000e+02  -9.5000000e+01   1.0280000e+03
   1.6800000e+02  -8.3000000e+01   1.0270000e+03
   1.8300000e+02  -1.2200000e+02   1.0150000e+03
   1.9100000e+02  -1.2900000e+02   1.0170000e+03
   1.9900000e+02  -1.1100000e+02   1.0190000e+03
   2.0600000e+02  -1.1300000e+02   1.0140000e+03
   2.0600000e+02  -1.1500000e+02   1.0150000e+03
   1.9900000e+02  -1.2600000e+02   1.0120000e+03
   2.0500000e+02  -1.3600000e+02   1.0090000e+03
   2.0400000e+02  -1.2500000e+02   1.0120000e+03
   2.0500000e+02  -1.2200000e+02   1.0170000e+03
   1.9800000e+02  -1.1200000e+02   1.0160000e+03
   1.8200000e+02  -1.0400000e+02   1.0160000e+03
   1.7000000e+02  -1.2600000e+02   1.0160000e+03
   1.8100000e+02  -1.2700000e+02   1.0170000e+03
   1.8100000e+02  -1.1500000e+02   1.0180000e+03
   1.6900000e+02  -1.2800000e+02   1.0200000e+03
   1.8500000e+02  -1.1800000e+02   1.0250000e+03
   1.8500000e+02  -1.1600000e+02   1.0100000e+03
   1.8500000e+02  -1.3700000e+02   1.0110000e+03
   1.4100000e+02  -1.3200000e+02   1.0330000e+03
   1.9200000e+02  -1.7100000e+02   1.0010000e+03
   1.9300000e+02  -1.6200000e+02   1.0070000e+03
   1.9300000e+02  -1.4500000e+02   1.0110000e+03
   1.6700000e+02  -1.3500000e+02   1.0160000e+03
   1.6800000e+02  -1.9600000e+02   9.9900000e+02
   1.6900000e+02  -1.3100000e+02   1.0210000e+03
   1.6900000e+02  -1.4700000e+02   1.0180000e+03
   1.8500000e+02  -1.3000000e+02   1.0200000e+03
   1.9300000e+02  -1.1200000e+02   1.0180000e+03
   1.9200000e+02  -1.2100000e+02   1.0170000e+03
   1.9400000e+02  -1.4100000e+02   1.0140000e+03
   1.9700000e+02  -1.4200000e+02   1.0140000e+03
   1.9500000e+02  -1.3500000e+02   1.0170000e+03
   1.9600000e+02  -1.3900000e+02   1.0100000e+03
   1.7800000e+02  -1.3200000e+02   1.0110000e+03
   1.6100000e+02  -1.3400000e+02   1.0230000e+03
   1.7500000e+02  -1.2100000e+02   1.0290000e+03
   1.6900000e+02  -1.4100000e+02   1.0150000e+03
   1.6700000e+02  -1.1200000e+02   1.0200000e+03
   1.6400000e+02  -1.3800000e+02   1.0210000e+03
   1.6700000e+02  -1.4400000e+02   1.0160000e+03
   1.7100000e+02  -1.2400000e+02   1.0160000e+03
   1.7500000e+02  -1.0200000e+02   1.0220000e+03
   1.5400000e+02  -1.5200000e+02   1.0160000e+03
   1.6300000e+02  -1.3900000e+02   1.0180000e+03
   1.5700000e+02  -1.4400000e+02   1.0200000e+03
   1.6000000e+02  -1.3100000e+02   1.0200000e+03
   1.5900000e+02  -1.4000000e+02   1.0190000e+03
   1.6500000e+02  -1.4000000e+02   1.0280000e+03
   1.5900000e+02  -1.3400000e+02   1.0180000e+03
   1.5700000e+02  -1.4200000e+02   1.0200000e+03
   1.6300000e+02  -1.3400000e+02   1.0200000e+03
   1.5900000e+02  -1.4200000e+02   1.0190000e+03
   1.5700000e+02  -1.4300000e+02   1.0190000e+03
   1.5800000e+02  -1.3700000e+02   1.0190000e+03
   1.5500000e+02  -1.4300000e+02   1.0210000e+03
