   2.1400000e+02  -1.1200000e+02   1.0120000e+03
   2.1200000e+02  -1.1400000e+02   1.0120000e+03
   2.1600000e+02  -1.1300000e+02   1.0120000e+03
   2.1300000e+02  -1.1400000e+02   1.0110000e+03
   2.1600000e+02  -1.1000000e+02   1.0120000e+03
   2.1100000e+02  -1.1100000e+02   1.0120000e+03
   2.1300000e+02  -1.1400000e+02   1.0120000e+03
   2.1200000e+02  -1.1000000e+02   1.0120000e+03
   2.1400000e+02  -1.1400000e+02   1.0120000e+03
   2.1300000e+02  -1.1600000e+02   1.0120000e+03
   2.1600000e+02  -1.1300000e+02   1.0130000e+03
   2.1800000e+02  -1.1800000e+02   1.0120000e+03
   2.1800000e+02  -1.1300000e+02   1.0130000e+03
   2.1800000e+02  -1.1500000e+02   1.0100000e+03
   2.1500000e+02  -9.4000000e+01   1.0140000e+03
   2.2900000e+02  -9.5000000e+01   1.0130000e+03
   2.1900000e+02  -1.1100000e+02   1.0130000e+03
   2.1400000e+02  -1.0900000e+02   1.0120000e+03
   2.2100000e+02  -1.1400000e+02   1.0140000e+03
   2.0400000e+02  -9.6000000e+01   1.0150000e+03
   2.1100000e+02  -1.2000000e+02   1.0070000e+03
   1.9700000e+02  -1.1400000e+02   1.0110000e+03
   2.0500000e+02  -1.1900000e+02   1.0130000e+03
   2.1300000e+02  -1.1100000e+02   1.0120000e+03
   2.1200000e+02  -1.1100000e+02   1.0120000e+03
   2.1700000e+02  -1.1100000e+02   1.0130000e+03
   2.1400000e+02  -1.1200000e+02   1.0130000e+03
   2.1500000e+02  -1.1300000e+02   1.0120000e+03
   2.1400000e+02  -1.1200000e+02   1.0120000e+03
   2.1300000e+02  -1.1300000e+02   1.0120000e+03
   2.1500000e+02  -1.1200000e+02   1.0120000e+03
   2.1200000e+02  -1.1100000e+02   1.0120000e+03
   2.3000000e+02  -1.1000000e+02   1.0150000e+03
   2.2500000e+02  -9.9000000e+01   1.0140000e+03
   2.0500000e+02  -1.0700000e+02   1.0140000e+03
   2.0200000e+02  -1.1700000e+02   1.0110000e+03
   2.0100000e+02  -1.1800000e+02   1.0120000e+03
   2.0800000e+02  -1.2400000e+02   1.0100000e+03
   2.1800000e+02  -1.0800000e+02   1.0130000e+03
   2.1500000e+02  -1.1000000e+02   1.0110000e+03
   2.1700000e+02  -1.1100000e+02   1.0130000e+03
   2.2200000e+02  -1.1100000e+02   1.0130000e+03
   2.3400000e+02  -1.1700000e+02   1.0110000e+03
   2.1600000e+02  -1.1500000e+02   1.0130000e+03
   2.1400000e+02  -1.2000000e+02   1.0120000e+03
   2.1300000e+02  -1.1400000e+02   1.0110000e+03
   2.1500000e+02  -1.1600000e+02   1.0110000e+03
   2.1500000e+02  -1.1500000e+02   1.0110000e+03
   2.1400000e+02  -1.1300000e+02   1.0110000e+03
   2.1000000e+02  -1.1400000e+02   1.0110000e+03
   2.1800000e+02  -1.0200000e+02   1.0140000e+03
   2.1100000e+02  -1.0500000e+02   1.0120000e+03
   2.2200000e+02  -1.1100000e+02   1.0130000e+03
   2.1700000e+02  -1.1200000e+02   1.0120000e+03
   2.1500000e+02  -1.1100000e+02   1.0130000e+03
   2.1700000e+02  -1.1100000e+02   1.0130000e+03
   2.1100000e+02  -1.1300000e+02   1.0120000e+03
   2.1800000e+02  -1.1000000e+02   1.0130000e+03
   2.1700000e+02  -1.0800000e+02   1.0120000e+03
   2.1900000e+02  -1.0800000e+02   1.0120000e+03
   2.1000000e+02  -1.1000000e+02   1.0110000e+03
   2.1200000e+02  -1.1300000e+02   1.0120000e+03
   2.1900000e+02  -1.0900000e+02   1.0130000e+03
   2.0400000e+02  -1.2500000e+02   1.0100000e+03
   2.0700000e+02  -1.0600000e+02   1.0130000e+03
   2.1600000e+02  -1.0800000e+02   1.0070000e+03
   2.1600000e+02  -1.1700000e+02   1.0120000e+03
   2.1000000e+02  -1.1000000e+02   1.0120000e+03
   2.2300000e+02  -1.0400000e+02   1.0150000e+03
   2.1800000e+02  -1.0800000e+02   1.0120000e+03
   2.1800000e+02  -1.1000000e+02   1.0130000e+03
   2.1700000e+02  -1.1100000e+02   1.0120000e+03
   2.1900000e+02  -1.0900000e+02   1.0130000e+03
   2.1700000e+02  -1.1000000e+02   1.0120000e+03
   2.1700000e+02  -1.0800000e+02   1.0120000e+03
   2.1600000e+02  -1.1100000e+02   1.0130000e+03
   2.1400000e+02  -1.1000000e+02   1.0130000e+03
   2.1500000e+02  -1.0700000e+02   1.0120000e+03
   2.1700000e+02  -1.0900000e+02   1.0130000e+03
   2.1700000e+02  -1.0900000e+02   1.0120000e+03
   2.1600000e+02  -1.1100000e+02   1.0130000e+03
   2.1500000e+02  -1.1200000e+02   1.0120000e+03
   2.1400000e+02  -1.1300000e+02   1.0110000e+03
   2.1600000e+02  -1.1200000e+02   1.0120000e+03
   2.1600000e+02  -1.1000000e+02   1.0120000e+03
   2.1600000e+02  -1.0900000e+02   1.0120000e+03
   2.1400000e+02  -1.1100000e+02   1.0120000e+03
   2.1500000e+02  -1.1300000e+02   1.0120000e+03
   2.1600000e+02  -1.1200000e+02   1.0120000e+03
   2.1800000e+02  -1.0900000e+02   1.0130000e+03
   2.1500000e+02  -1.1300000e+02   1.0120000e+03
   2.1400000e+02  -1.0900000e+02   1.0120000e+03
   2.1700000e+02  -1.0900000e+02   1.0120000e+03
   2.1500000e+02  -1.1000000e+02   1.0130000e+03
   2.1500000e+02  -1.1000000e+02   1.0120000e+03
   2.1700000e+02  -1.0800000e+02   1.0110000e+03
