   4.3000000e+01  -2.6600000e+02   1.0030000e+03
   5.3000000e+01  -2.8300000e+02   1.0120000e+03
   3.7000000e+01  -2.9300000e+02   1.0040000e+03
   3.8000000e+01  -2.8900000e+02   1.0020000e+03
   3.6000000e+01  -2.9300000e+02   1.0040000e+03
   3.5000000e+01  -2.9200000e+02   9.9900000e+02
   4.4000000e+01  -3.0000000e+02   1.0040000e+03
   1.5000000e+01  -3.0500000e+02   9.9700000e+02
   2.4000000e+01  -2.5500000e+02   1.0060000e+03
   6.0000000e+01  -3.2900000e+02   1.0270000e+03
  -3.7000000e+01  -2.2800000e+02   9.8600000e+02
   2.3000000e+01  -3.0100000e+02   1.0170000e+03
   1.3000000e+01  -2.8000000e+02   1.0070000e+03
   2.5000000e+01  -3.0000000e+02   1.0040000e+03
   1.5000000e+01  -3.1300000e+02   1.0030000e+03
   5.0000000e+00  -3.2700000e+02   1.0010000e+03
   3.3000000e+01  -3.0000000e+02   1.0030000e+03
   1.1000000e+01  -2.6300000e+02   9.9700000e+02
   4.5000000e+01  -3.3400000e+02   1.0170000e+03
   2.3000000e+01  -3.0800000e+02   1.0050000e+03
   2.8000000e+01  -2.9000000e+02   1.0060000e+03
   2.3000000e+01  -2.8600000e+02   1.0030000e+03
   2.7000000e+01  -2.8100000e+02   1.0030000e+03
   6.0000000e+00  -2.9000000e+02   9.9100000e+02
   1.8000000e+01  -2.7600000e+02   9.9900000e+02
   3.0000000e+01  -2.8700000e+02   1.0050000e+03
   2.6000000e+01  -2.9600000e+02   1.0010000e+03
   3.2000000e+01  -2.8500000e+02   1.0000000e+03
   2.3000000e+01  -2.9300000e+02   9.9800000e+02
   2.3000000e+01  -2.9200000e+02   1.0000000e+03
   2.8000000e+01  -2.9800000e+02   1.0020000e+03
   2.5000000e+01  -3.1000000e+02   1.0000000e+03
   3.5000000e+01  -3.0500000e+02   1.0050000e+03
   3.4000000e+01  -2.8700000e+02   1.0050000e+03
   3.1000000e+01  -3.0200000e+02   1.0020000e+03
   2.8000000e+01  -2.8800000e+02   1.0020000e+03
   2.5000000e+01  -2.9200000e+02   1.0020000e+03
   2.3000000e+01  -2.8700000e+02   1.0000000e+03
   2.2000000e+01  -2.9100000e+02   9.9800000e+02
   3.1000000e+01  -2.8300000e+02   1.0050000e+03
   3.0000000e+01  -2.8700000e+02   1.0020000e+03
   3.0000000e+01  -3.1200000e+02   1.0060000e+03
   2.1000000e+01  -3.0700000e+02   9.9600000e+02
  -1.0000000e+00  -2.6700000e+02   9.9000000e+02
   1.1000000e+01  -2.9600000e+02   1.0120000e+03
  -7.0000000e+00  -2.4300000e+02   1.0060000e+03
   1.2000000e+01  -2.7300000e+02   1.0030000e+03
   1.5000000e+01  -3.0200000e+02   1.0070000e+03
   7.0000000e+00  -3.0100000e+02   1.0050000e+03
   9.0000000e+00  -2.9500000e+02   1.0020000e+03
   2.6000000e+01  -3.0000000e+02   1.0070000e+03
   1.3000000e+01  -2.8700000e+02   1.0030000e+03
   7.0000000e+00  -2.8400000e+02   9.9800000e+02
   3.2000000e+01  -2.5100000e+02   1.0050000e+03
   6.0000000e+01  -2.4100000e+02   1.0070000e+03
   5.0000000e+00  -3.0100000e+02   1.0030000e+03
   3.0000000e+01  -2.7900000e+02   1.0080000e+03
   4.0000000e+01  -2.4300000e+02   1.0090000e+03
   4.0000000e+01  -2.4100000e+02   1.0180000e+03
   4.1000000e+01  -2.3400000e+02   1.0030000e+03
   4.7000000e+01  -2.5500000e+02   1.0090000e+03
   3.0000000e+01  -3.3500000e+02   1.0120000e+03
   3.2000000e+01  -2.9200000e+02   1.0050000e+03
   3.5000000e+01  -3.0400000e+02   1.0070000e+03
   3.1000000e+01  -2.8300000e+02   1.0030000e+03
   3.3000000e+01  -2.8900000e+02   1.0030000e+03
   3.3000000e+01  -3.1400000e+02   1.0060000e+03
   3.3000000e+01  -2.9100000e+02   1.0050000e+03
   3.0000000e+01  -2.9700000e+02   1.0060000e+03
   3.1000000e+01  -2.8400000e+02   1.0040000e+03
   3.0000000e+01  -2.8800000e+02   1.0020000e+03
   2.9000000e+01  -2.9100000e+02   1.0020000e+03
   2.9000000e+01  -2.8700000e+02   1.0020000e+03
   3.0000000e+01  -2.8700000e+02   1.0010000e+03
   3.0000000e+01  -2.8700000e+02   1.0020000e+03
   3.2000000e+01  -2.9400000e+02   1.0030000e+03
   3.2000000e+01  -2.8600000e+02   1.0020000e+03
   3.8000000e+01  -2.8900000e+02   1.0040000e+03
   3.2000000e+01  -2.8800000e+02   1.0030000e+03
   3.1000000e+01  -2.9200000e+02   1.0020000e+03
   3.2000000e+01  -2.8900000e+02   1.0020000e+03
   3.1000000e+01  -2.8900000e+02   1.0020000e+03
   3.0000000e+01  -2.8800000e+02   1.0030000e+03
   3.0000000e+01  -2.9000000e+02   1.0030000e+03
   3.1000000e+01  -2.9000000e+02   1.0020000e+03
   3.4000000e+01  -2.8800000e+02   1.0030000e+03
   3.3000000e+01  -2.9000000e+02   1.0020000e+03
   3.4000000e+01  -2.9100000e+02   1.0010000e+03
   3.1000000e+01  -2.9000000e+02   1.0010000e+03
   3.2000000e+01  -2.8800000e+02   1.0010000e+03
   3.3000000e+01  -2.9300000e+02   1.0000000e+03
   2.0000000e+01  -2.8700000e+02   1.0010000e+03
   1.1000000e+01  -2.9300000e+02   9.8600000e+02
   3.1000000e+01  -2.8600000e+02   1.0010000e+03
   3.4000000e+01  -2.8500000e+02   1.0030000e+03
   3.3000000e+01  -2.9200000e+02   1.0030000e+03
