   1.1000000e+02  -1.5500000e+02   1.0240000e+03
   1.0500000e+02  -1.5100000e+02   1.0260000e+03
   1.0400000e+02  -1.5800000e+02   1.0250000e+03
   1.0300000e+02  -1.6500000e+02   1.0250000e+03
   1.0300000e+02  -1.6000000e+02   1.0250000e+03
   1.0300000e+02  -1.6000000e+02   1.0260000e+03
   1.0300000e+02  -1.6600000e+02   1.0250000e+03
   1.0300000e+02  -1.6100000e+02   1.0250000e+03
   1.0300000e+02  -1.6100000e+02   1.0250000e+03
   1.0400000e+02  -1.6200000e+02   1.0250000e+03
   1.0200000e+02  -1.6400000e+02   1.0250000e+03
   1.0300000e+02  -1.6200000e+02   1.0250000e+03
   1.0300000e+02  -1.6100000e+02   1.0250000e+03
   1.0300000e+02  -1.5800000e+02   1.0260000e+03
   1.0400000e+02  -1.6100000e+02   1.0250000e+03
   1.0500000e+02  -1.6900000e+02   1.0250000e+03
   1.0200000e+02  -1.6700000e+02   1.0240000e+03
   1.0400000e+02  -1.6400000e+02   1.0260000e+03
   1.0300000e+02  -1.6400000e+02   1.0250000e+03
   1.0400000e+02  -1.6300000e+02   1.0250000e+03
   1.0300000e+02  -1.6100000e+02   1.0260000e+03
   1.0400000e+02  -1.6000000e+02   1.0250000e+03
   1.0200000e+02  -1.6000000e+02   1.0270000e+03
   1.0300000e+02  -1.6100000e+02   1.0250000e+03
   1.0300000e+02  -1.6000000e+02   1.0260000e+03
   9.7000000e+01  -1.6400000e+02   1.0260000e+03
   9.0000000e+01  -1.4200000e+02   1.0410000e+03
   1.0300000e+02  -1.4400000e+02   1.0260000e+03
   1.0800000e+02  -1.5400000e+02   1.0250000e+03
   9.2000000e+01  -1.7600000e+02   1.0280000e+03
   1.0600000e+02  -1.5400000e+02   1.0260000e+03
   1.0400000e+02  -1.5400000e+02   1.0270000e+03
   1.0200000e+02  -1.6200000e+02   1.0260000e+03
   1.0200000e+02  -1.6700000e+02   1.0260000e+03
   1.0900000e+02  -1.4700000e+02   1.0250000e+03
   1.0700000e+02  -1.4300000e+02   1.0260000e+03
   1.0500000e+02  -1.5200000e+02   1.0260000e+03
   9.9000000e+01  -1.6900000e+02   1.0270000e+03
   1.0700000e+02  -1.5500000e+02   1.0230000e+03
   1.0500000e+02  -1.5100000e+02   1.0260000e+03
   1.1000000e+02  -1.6500000e+02   1.0260000e+03
   1.0400000e+02  -1.5500000e+02   1.0260000e+03
   1.0600000e+02  -1.6000000e+02   1.0270000e+03
   1.0500000e+02  -1.6700000e+02   1.0240000e+03
   1.0200000e+02  -1.4800000e+02   1.0270000e+03
   1.0700000e+02  -1.6400000e+02   1.0240000e+03
   1.0700000e+02  -1.5900000e+02   1.0240000e+03
   1.0800000e+02  -1.4700000e+02   1.0260000e+03
   1.0500000e+02  -1.5600000e+02   1.0260000e+03
   1.0100000e+02  -1.6700000e+02   1.0250000e+03
   9.9000000e+01  -1.6500000e+02   1.0270000e+03
   1.0500000e+02  -1.5300000e+02   1.0270000e+03
   1.0600000e+02  -1.5500000e+02   1.0260000e+03
   1.0800000e+02  -1.5500000e+02   1.0270000e+03
   1.0300000e+02  -1.6100000e+02   1.0260000e+03
   1.0600000e+02  -1.5900000e+02   1.0250000e+03
   1.0900000e+02  -1.6500000e+02   1.0240000e+03
   1.0200000e+02  -1.6500000e+02   1.0240000e+03
   1.1100000e+02  -1.6500000e+02   1.0240000e+03
   1.0600000e+02  -1.5500000e+02   1.0220000e+03
   1.1300000e+02  -1.6100000e+02   1.0250000e+03
   1.0700000e+02  -1.5100000e+02   1.0250000e+03
   1.0700000e+02  -1.6900000e+02   1.0240000e+03
   1.0600000e+02  -1.7000000e+02   1.0240000e+03
   1.0000000e+02  -1.6200000e+02   1.0260000e+03
   1.0400000e+02  -1.6100000e+02   1.0240000e+03
   1.0200000e+02  -1.6100000e+02   1.0260000e+03
   1.0400000e+02  -1.6400000e+02   1.0250000e+03
   1.0200000e+02  -1.6600000e+02   1.0250000e+03
   1.0400000e+02  -1.6500000e+02   1.0240000e+03
   1.0100000e+02  -1.6500000e+02   1.0250000e+03
   1.0000000e+02  -1.6500000e+02   1.0240000e+03
   1.0300000e+02  -1.6400000e+02   1.0250000e+03
   1.1000000e+02  -1.6600000e+02   1.0240000e+03
   9.9000000e+01  -1.6800000e+02   1.0240000e+03
   1.0300000e+02  -1.6500000e+02   1.0240000e+03
   1.0300000e+02  -1.6000000e+02   1.0240000e+03
   1.0300000e+02  -1.6100000e+02   1.0240000e+03
   1.0500000e+02  -1.6000000e+02   1.0250000e+03
   1.0500000e+02  -1.6200000e+02   1.0250000e+03
   1.0500000e+02  -1.6000000e+02   1.0230000e+03
   1.0700000e+02  -1.5900000e+02   1.0240000e+03
   1.0100000e+02  -1.6500000e+02   1.0240000e+03
   1.0200000e+02  -1.6400000e+02   1.0250000e+03
   1.0600000e+02  -1.6200000e+02   1.0240000e+03
   1.0300000e+02  -1.6500000e+02   1.0250000e+03
   1.0500000e+02  -1.6300000e+02   1.0240000e+03
   1.0300000e+02  -1.6500000e+02   1.0250000e+03
   1.0200000e+02  -1.6500000e+02   1.0250000e+03
   1.0100000e+02  -1.7100000e+02   1.0240000e+03
   9.9000000e+01  -1.7500000e+02   1.0240000e+03
   1.0200000e+02  -1.6500000e+02   1.0240000e+03
   1.0200000e+02  -1.6100000e+02   1.0240000e+03
   1.0400000e+02  -1.6500000e+02   1.0240000e+03
   1.0200000e+02  -1.6700000e+02   1.0240000e+03
   1.0600000e+02  -1.5900000e+02   1.0240000e+03
