   1.7300000e+02  -1.2000000e+02   1.0260000e+03
   1.7300000e+02  -1.1400000e+02   1.0170000e+03
   1.6600000e+02  -1.1400000e+02   1.0170000e+03
   1.6500000e+02  -1.2900000e+02   1.0200000e+03
   1.6600000e+02  -1.3100000e+02   1.0200000e+03
   1.6400000e+02  -1.3300000e+02   1.0200000e+03
   1.6200000e+02  -1.3400000e+02   1.0200000e+03
   1.6800000e+02  -1.3000000e+02   1.0190000e+03
   1.6600000e+02  -1.3500000e+02   1.0220000e+03
   1.6300000e+02  -1.2900000e+02   1.0210000e+03
   1.6400000e+02  -1.3000000e+02   1.0200000e+03
   1.6300000e+02  -1.3200000e+02   1.0220000e+03
   1.6200000e+02  -1.3100000e+02   1.0210000e+03
   1.6400000e+02  -1.3200000e+02   1.0200000e+03
   1.6300000e+02  -1.3100000e+02   1.0200000e+03
   1.6400000e+02  -1.2900000e+02   1.0200000e+03
   1.6500000e+02  -1.2900000e+02   1.0200000e+03
   1.6400000e+02  -1.3000000e+02   1.0200000e+03
   1.6400000e+02  -1.2800000e+02   1.0200000e+03
   1.6200000e+02  -1.3100000e+02   1.0200000e+03
   1.6400000e+02  -1.2700000e+02   1.0210000e+03
   1.6400000e+02  -1.2800000e+02   1.0200000e+03
   1.6300000e+02  -1.2800000e+02   1.0210000e+03
   1.6300000e+02  -1.2800000e+02   1.0200000e+03
   1.6300000e+02  -1.2800000e+02   1.0210000e+03
   1.6300000e+02  -1.2900000e+02   1.0200000e+03
   1.6300000e+02  -1.2800000e+02   1.0200000e+03
   1.6300000e+02  -1.3000000e+02   1.0210000e+03
   1.6300000e+02  -1.3000000e+02   1.0200000e+03
   1.6300000e+02  -1.3200000e+02   1.0200000e+03
   1.6400000e+02  -1.3000000e+02   1.0200000e+03
   1.6400000e+02  -1.2900000e+02   1.0200000e+03
   1.6300000e+02  -1.2900000e+02   1.0200000e+03
   1.6200000e+02  -1.3000000e+02   1.0200000e+03
   1.6200000e+02  -1.2900000e+02   1.0210000e+03
   1.6200000e+02  -1.2900000e+02   1.0200000e+03
   1.6200000e+02  -1.2900000e+02   1.0210000e+03
   1.6200000e+02  -1.3200000e+02   1.0200000e+03
   1.6700000e+02  -1.2700000e+02   1.0180000e+03
   1.6700000e+02  -1.3000000e+02   1.0190000e+03
   1.5900000e+02  -1.2500000e+02   1.0240000e+03
   1.6600000e+02  -1.3200000e+02   1.0210000e+03
   1.6200000e+02  -1.3500000e+02   1.0210000e+03
   1.7000000e+02  -1.2600000e+02   1.0200000e+03
   1.6800000e+02  -1.1900000e+02   1.0180000e+03
   1.7400000e+02  -1.3700000e+02   1.0200000e+03
   1.9000000e+02  -1.0200000e+02   1.0210000e+03
   1.8000000e+02  -1.3300000e+02   1.0110000e+03
   2.0100000e+02  -1.3000000e+02   1.0110000e+03
   2.0600000e+02  -1.4000000e+02   1.0070000e+03
   2.0600000e+02  -1.3100000e+02   1.0130000e+03
   2.1800000e+02  -1.3000000e+02   1.0030000e+03
   2.0600000e+02  -1.3800000e+02   1.0120000e+03
   1.9800000e+02  -1.3200000e+02   1.0150000e+03
   1.9100000e+02  -1.1100000e+02   1.0190000e+03
   1.8000000e+02  -1.3100000e+02   1.0180000e+03
   1.7500000e+02  -1.1500000e+02   1.0270000e+03
   1.9200000e+02  -1.3900000e+02   1.0110000e+03
   2.0700000e+02  -1.2800000e+02   1.0070000e+03
   2.0900000e+02  -1.4400000e+02   1.0060000e+03
   2.0900000e+02  -1.5300000e+02   1.0080000e+03
   2.1200000e+02  -1.3300000e+02   1.0090000e+03
   2.1800000e+02  -1.2500000e+02   1.0060000e+03
   2.1200000e+02  -1.3700000e+02   1.0060000e+03
   2.0000000e+02  -1.7800000e+02   1.0140000e+03
   1.1200000e+02  -8.0000000e+01   9.8900000e+02
   7.3000000e+01  -1.8500000e+02   1.0130000e+03
   1.2700000e+02  -1.5200000e+02   1.0420000e+03
   1.5300000e+02  -2.0500000e+02   9.9500000e+02
   2.1000000e+02  -1.8400000e+02   1.0190000e+03
   1.7700000e+02  -1.6200000e+02   1.0100000e+03
   2.3300000e+02  -1.4100000e+02   1.0200000e+03
   2.1100000e+02  -1.4500000e+02   1.0120000e+03
   2.1700000e+02  -1.2400000e+02   1.0130000e+03
   2.9800000e+02  -1.8100000e+02   1.0170000e+03
   2.2000000e+02  -1.9500000e+02   9.8500000e+02
   2.4000000e+02  -1.6800000e+02   1.0050000e+03
   2.3100000e+02  -1.6400000e+02   1.0000000e+03
   2.3500000e+02  -1.5000000e+02   1.0020000e+03
   2.3900000e+02  -1.4300000e+02   1.0020000e+03
   2.3700000e+02  -1.4800000e+02   1.0030000e+03
   2.3800000e+02  -1.4800000e+02   1.0030000e+03
   2.4000000e+02  -1.4100000e+02   1.0030000e+03
   2.3600000e+02  -1.5200000e+02   1.0010000e+03
   2.3200000e+02  -1.5600000e+02   1.0020000e+03
   2.3800000e+02  -1.3700000e+02   1.0040000e+03
   2.2000000e+02  -1.5300000e+02   1.0040000e+03
   2.3000000e+02  -1.6000000e+02   9.9900000e+02
   2.1400000e+02  -1.6000000e+02   9.9600000e+02
   2.2900000e+02  -1.3500000e+02   1.0050000e+03
   2.3900000e+02  -1.4300000e+02   1.0030000e+03
   2.3300000e+02  -1.5600000e+02   1.0000000e+03
   2.4100000e+02  -1.5300000e+02   1.0010000e+03
   2.4000000e+02  -1.5200000e+02   1.0010000e+03
   2.3700000e+02  -1.5500000e+02   1.0010000e+03
   2.3800000e+02  -1.5000000e+02   1.0020000e+03
