   1.1000000e+02  -1.9300000e+02   1.0180000e+03
   1.1000000e+02  -1.8900000e+02   1.0170000e+03
   1.0600000e+02  -2.0700000e+02   1.0180000e+03
   1.0600000e+02  -2.0900000e+02   1.0160000e+03
   1.1100000e+02  -2.0800000e+02   1.0170000e+03
   1.0300000e+02  -2.0600000e+02   1.0160000e+03
   9.8000000e+01  -2.2000000e+02   1.0140000e+03
   1.0600000e+02  -1.9700000e+02   1.0180000e+03
   1.0800000e+02  -2.0400000e+02   1.0180000e+03
   9.4000000e+01  -1.9700000e+02   1.0230000e+03
   1.0800000e+02  -1.8400000e+02   1.0190000e+03
   1.0500000e+02  -2.0800000e+02   1.0170000e+03
   9.5000000e+01  -1.9300000e+02   1.0220000e+03
   1.0600000e+02  -2.0900000e+02   1.0170000e+03
   1.1200000e+02  -2.0400000e+02   1.0170000e+03
   1.0600000e+02  -1.8300000e+02   1.0190000e+03
   1.1000000e+02  -1.8700000e+02   1.0190000e+03
   9.5000000e+01  -1.8900000e+02   1.0200000e+03
   1.0500000e+02  -1.9400000e+02   1.0200000e+03
   1.1100000e+02  -1.8200000e+02   1.0210000e+03
   1.1100000e+02  -1.8700000e+02   1.0210000e+03
   1.1000000e+02  -1.9000000e+02   1.0210000e+03
   1.0800000e+02  -1.9600000e+02   1.0190000e+03
   1.0500000e+02  -2.0200000e+02   1.0160000e+03
   1.0300000e+02  -1.9600000e+02   1.0170000e+03
   1.1000000e+02  -2.1600000e+02   1.0180000e+03
   1.0400000e+02  -1.9800000e+02   1.0160000e+03
   1.0500000e+02  -2.0400000e+02   1.0180000e+03
   1.1700000e+02  -1.8100000e+02   1.0190000e+03
   1.0900000e+02  -2.0600000e+02   1.0170000e+03
   1.1100000e+02  -2.1300000e+02   1.0140000e+03
   1.0000000e+02  -2.0100000e+02   1.0150000e+03
   1.0900000e+02  -1.9200000e+02   1.0200000e+03
   1.0900000e+02  -1.8800000e+02   1.0190000e+03
   1.0800000e+02  -1.9900000e+02   1.0180000e+03
   1.0800000e+02  -2.0200000e+02   1.0170000e+03
   1.0500000e+02  -2.0000000e+02   1.0170000e+03
   1.0600000e+02  -1.9900000e+02   1.0190000e+03
   1.1100000e+02  -1.9400000e+02   1.0180000e+03
   1.0700000e+02  -1.9200000e+02   1.0190000e+03
   1.0800000e+02  -1.9500000e+02   1.0180000e+03
   1.0900000e+02  -2.0300000e+02   1.0160000e+03
   1.0500000e+02  -1.9600000e+02   1.0180000e+03
   1.0400000e+02  -2.0100000e+02   1.0180000e+03
   1.0800000e+02  -1.9500000e+02   1.0170000e+03
   1.1100000e+02  -1.9900000e+02   1.0170000e+03
   1.2000000e+02  -2.0200000e+02   1.0160000e+03
   1.3600000e+02  -2.3500000e+02   9.9600000e+02
   9.0000000e+01  -1.6000000e+02   1.0220000e+03
   1.0400000e+02  -1.9100000e+02   1.0180000e+03
   1.1600000e+02  -2.0400000e+02   1.0180000e+03
   1.1100000e+02  -1.8500000e+02   1.0170000e+03
   1.2300000e+02  -2.1300000e+02   1.0100000e+03
   1.0000000e+02  -2.1200000e+02   1.0170000e+03
   1.0500000e+02  -1.9100000e+02   1.0190000e+03
   1.0500000e+02  -1.8400000e+02   1.0200000e+03
   1.1100000e+02  -1.9300000e+02   1.0170000e+03
   1.1000000e+02  -1.9800000e+02   1.0200000e+03
   1.0500000e+02  -1.9700000e+02   1.0190000e+03
   1.0500000e+02  -2.0200000e+02   1.0170000e+03
   1.0900000e+02  -1.9800000e+02   1.0170000e+03
   1.0600000e+02  -2.0500000e+02   1.0180000e+03
   1.0100000e+02  -1.9900000e+02   1.0210000e+03
   1.0500000e+02  -1.9800000e+02   1.0180000e+03
   1.1100000e+02  -1.9700000e+02   1.0180000e+03
   1.0700000e+02  -1.9700000e+02   1.0180000e+03
   1.0600000e+02  -1.8900000e+02   1.0200000e+03
   1.0600000e+02  -1.9900000e+02   1.0180000e+03
   1.1000000e+02  -2.0200000e+02   1.0150000e+03
   9.6000000e+01  -2.1600000e+02   1.0150000e+03
   1.1200000e+02  -1.8800000e+02   1.0190000e+03
   1.0400000e+02  -1.9800000e+02   1.0190000e+03
   1.2400000e+02  -1.7800000e+02   1.0180000e+03
   1.2800000e+02  -1.8700000e+02   1.0200000e+03
   8.7000000e+01  -1.7700000e+02   1.0180000e+03
   1.0100000e+02  -1.5900000e+02   1.0200000e+03
   1.1800000e+02  -1.8100000e+02   1.0210000e+03
   1.1400000e+02  -1.7800000e+02   1.0200000e+03
   1.1800000e+02  -1.7200000e+02   1.0180000e+03
   1.1800000e+02  -1.7700000e+02   1.0200000e+03
   1.1000000e+02  -1.8400000e+02   1.0210000e+03
   1.1700000e+02  -1.7900000e+02   1.0210000e+03
   1.1900000e+02  -1.7500000e+02   1.0200000e+03
   1.2100000e+02  -1.7700000e+02   1.0190000e+03
   1.1900000e+02  -1.9000000e+02   1.0190000e+03
   1.1500000e+02  -1.7000000e+02   1.0240000e+03
   1.1400000e+02  -1.7900000e+02   1.0210000e+03
   1.1900000e+02  -1.8800000e+02   1.0170000e+03
   1.1200000e+02  -1.7800000e+02   1.0180000e+03
   1.1100000e+02  -1.9800000e+02   1.0210000e+03
   9.8000000e+01  -2.1500000e+02   1.0250000e+03
   1.1600000e+02  -1.6200000e+02   1.0240000e+03
   1.1600000e+02  -1.7900000e+02   1.0170000e+03
   1.1300000e+02  -1.8400000e+02   1.0190000e+03
   1.1300000e+02  -1.8300000e+02   1.0210000e+03
   1.1400000e+02  -1.9400000e+02   1.0170000e+03
