   2.0400000e+02   1.0000000e+00   1.0210000e+03
   2.0300000e+02  -1.0000000e+00   1.0180000e+03
   1.9500000e+02  -8.0000000e+00   1.0200000e+03
   2.0200000e+02   2.0000000e+00   1.0230000e+03
   1.9400000e+02   3.0000000e+00   1.0190000e+03
   2.0100000e+02   4.0000000e+00   1.0220000e+03
   1.9900000e+02  -7.0000000e+00   1.0220000e+03
   2.0400000e+02  -1.0000000e+00   1.0220000e+03
   2.0500000e+02   8.0000000e+00   1.0210000e+03
   2.0000000e+02  -3.0000000e+00   1.0210000e+03
   2.0000000e+02   4.0000000e+00   1.0210000e+03
   2.0100000e+02  -1.0000000e+00   1.0240000e+03
   1.9700000e+02   4.0000000e+01   1.0240000e+03
   9.1000000e+01   5.9000000e+01   9.9600000e+02
   7.1000000e+01  -4.7000000e+01   1.0240000e+03
   1.8300000e+02  -1.3000000e+01   1.0460000e+03
   1.8900000e+02  -3.0000000e+00   1.0240000e+03
   2.0600000e+02   1.1000000e+01   1.0250000e+03
   1.9900000e+02  -2.0000000e+00   1.0190000e+03
   1.9100000e+02   2.0000000e+00   1.0240000e+03
   1.9000000e+02  -1.6000000e+01   1.0330000e+03
   1.9600000e+02  -5.0000000e+00   1.0220000e+03
   1.9000000e+02  -1.0000000e+01   1.0240000e+03
   1.9300000e+02   1.0000000e+00   1.0230000e+03
   1.9300000e+02  -8.0000000e+00   1.0230000e+03
   1.9300000e+02  -3.0000000e+00   1.0230000e+03
   1.9300000e+02  -7.0000000e+00   1.0230000e+03
   1.9400000e+02  -6.0000000e+00   1.0210000e+03
   1.9800000e+02  -1.7000000e+01   1.0220000e+03
   1.8000000e+02  -3.0000000e+00   1.0400000e+03
   1.8200000e+02  -3.5000000e+01   1.0300000e+03
   1.8500000e+02   7.0000000e+00   1.0240000e+03
   1.8100000e+02   1.0000000e+01   1.0440000e+03
   1.8100000e+02  -4.2000000e+01   1.0280000e+03
   1.8600000e+02  -5.0000000e+00   1.0250000e+03
   2.0000000e+02   1.1000000e+01   1.0230000e+03
   1.8600000e+02  -1.7000000e+01   1.0250000e+03
   1.8900000e+02  -1.1000000e+01   1.0240000e+03
   1.9200000e+02  -1.0000000e+00   1.0230000e+03
   1.8900000e+02   8.0000000e+00   1.0230000e+03
   1.9100000e+02   0.0000000e+00   1.0230000e+03
   1.9300000e+02  -2.5500000e+02   1.0240000e+03
   1.9400000e+02   1.0000000e+00   1.0220000e+03
   1.9300000e+02  -2.0000000e+00   1.0230000e+03
   1.9800000e+02   1.0000000e+00   1.0200000e+03
   1.9300000e+02   5.0000000e+00   1.0240000e+03
   2.0500000e+02   2.2000000e+01   1.0200000e+03
   2.0500000e+02   1.9000000e+01   1.0180000e+03
   1.9400000e+02  -3.0000000e+00   1.0200000e+03
   1.9600000e+02   8.0000000e+00   1.0240000e+03
   2.0000000e+02   1.5000000e+01   1.0230000e+03
   1.9200000e+02  -1.4000000e+01   1.0260000e+03
   1.9600000e+02   7.0000000e+00   1.0240000e+03
   1.9800000e+02   1.0000000e+00   1.0200000e+03
   1.9600000e+02   6.0000000e+00   1.0220000e+03
   1.9800000e+02   9.0000000e+00   1.0210000e+03
   1.9800000e+02   7.0000000e+00   1.0210000e+03
   1.9800000e+02   8.0000000e+00   1.0210000e+03
   1.9800000e+02   7.0000000e+00   1.0220000e+03
   1.9700000e+02   7.0000000e+00   1.0210000e+03
   1.9800000e+02   7.0000000e+00   1.0210000e+03
   1.9900000e+02   8.0000000e+00   1.0210000e+03
   1.9900000e+02   7.0000000e+00   1.0210000e+03
   1.9900000e+02   8.0000000e+00   1.0220000e+03
   1.9900000e+02   6.0000000e+00   1.0220000e+03
   2.0100000e+02   1.0000000e+01   1.0210000e+03
   2.0000000e+02   8.0000000e+00   1.0210000e+03
   1.9900000e+02   5.0000000e+00   1.0220000e+03
   2.0300000e+02   7.0000000e+00   1.0220000e+03
   2.0300000e+02   7.0000000e+00   1.0210000e+03
   2.0200000e+02   7.0000000e+00   1.0200000e+03
   2.0000000e+02   4.0000000e+00   1.0230000e+03
   2.0200000e+02   4.0000000e+00   1.0210000e+03
   2.0300000e+02   9.0000000e+00   1.0200000e+03
   2.0200000e+02   9.0000000e+00   1.0210000e+03
   2.0200000e+02   1.2000000e+01   1.0210000e+03
   2.0200000e+02   1.1000000e+01   1.0200000e+03
   2.0000000e+02   7.0000000e+00   1.0200000e+03
   2.0100000e+02   8.0000000e+00   1.0210000e+03
   2.0100000e+02   9.0000000e+00   1.0210000e+03
   2.0200000e+02   1.2000000e+01   1.0200000e+03
   2.0000000e+02   4.0000000e+00   1.0220000e+03
   2.0300000e+02   1.1000000e+01   1.0200000e+03
   2.0100000e+02   9.0000000e+00   1.0200000e+03
   2.0300000e+02   1.4000000e+01   1.0200000e+03
   1.9800000e+02   7.0000000e+00   1.0210000e+03
   2.0200000e+02   1.3000000e+01   1.0210000e+03
   2.0000000e+02   9.0000000e+00   1.0200000e+03
   2.0200000e+02   1.1000000e+01   1.0210000e+03
   2.0100000e+02   1.0000000e+01   1.0210000e+03
   2.0200000e+02   8.0000000e+00   1.0200000e+03
   2.0100000e+02   1.0000000e+01   1.0210000e+03
   2.0000000e+02   9.0000000e+00   1.0220000e+03
   2.0100000e+02   7.0000000e+00   1.0210000e+03
   2.0100000e+02   1.0000000e+01   1.0210000e+03
   2.0000000e+02   1.0000000e+01   1.0210000e+03
