   3.1800000e+02  -1.5500000e+02   9.7600000e+02
   3.2000000e+02  -1.5600000e+02   9.7700000e+02
   3.1800000e+02  -1.5600000e+02   9.7600000e+02
   3.1600000e+02  -1.5700000e+02   9.7600000e+02
   3.1700000e+02  -1.5700000e+02   9.7600000e+02
   3.1800000e+02  -1.5600000e+02   9.7600000e+02
   3.1800000e+02  -1.5600000e+02   9.7700000e+02
   3.1900000e+02  -1.5600000e+02   9.7600000e+02
   3.2000000e+02  -1.5500000e+02   9.7600000e+02
   3.1800000e+02  -1.5600000e+02   9.7600000e+02
   3.2000000e+02  -1.5500000e+02   9.7700000e+02
   3.1900000e+02  -1.5400000e+02   9.7600000e+02
   3.1900000e+02  -1.5600000e+02   9.7600000e+02
   3.2000000e+02  -1.5700000e+02   9.7600000e+02
   3.1700000e+02  -1.5700000e+02   9.7700000e+02
   3.1800000e+02  -1.5600000e+02   9.7600000e+02
   3.1900000e+02  -1.5600000e+02   9.7700000e+02
   3.2200000e+02  -1.5000000e+02   9.7700000e+02
   3.2400000e+02  -1.5300000e+02   9.6200000e+02
   3.3700000e+02  -1.7800000e+02   1.0030000e+03
   2.5200000e+02  -1.7500000e+02   1.0070000e+03
   1.5400000e+02  -1.4700000e+02   1.0060000e+03
   1.4900000e+02  -1.3100000e+02   9.9900000e+02
   2.2000000e+02  -1.2500000e+02   1.0250000e+03
   2.9600000e+02  -1.0700000e+02   1.0210000e+03
   2.9000000e+02  -1.2600000e+02   1.0000000e+03
   2.8800000e+02  -1.4400000e+02   9.9300000e+02
   2.8900000e+02  -1.2800000e+02   9.9100000e+02
   2.8800000e+02  -1.3500000e+02   9.8900000e+02
   2.8800000e+02  -1.3700000e+02   9.8900000e+02
   2.8800000e+02  -1.3500000e+02   9.9000000e+02
   2.8700000e+02  -1.3400000e+02   9.8700000e+02
   2.9000000e+02  -1.3700000e+02   9.8900000e+02
   2.9000000e+02  -1.3700000e+02   9.8900000e+02
   2.8900000e+02  -1.4300000e+02   9.8800000e+02
   2.8900000e+02  -1.4000000e+02   9.8800000e+02
   2.8900000e+02  -1.3800000e+02   9.8800000e+02
   2.9000000e+02  -1.3700000e+02   9.8800000e+02
   2.9100000e+02  -1.3700000e+02   9.8900000e+02
   2.9200000e+02  -1.3600000e+02   9.8800000e+02
   2.9100000e+02  -1.3700000e+02   9.8700000e+02
   2.8900000e+02  -1.4100000e+02   9.8400000e+02
   2.9500000e+02  -1.3800000e+02   9.8700000e+02
   2.9400000e+02  -1.3600000e+02   9.8900000e+02
   2.9300000e+02  -1.3900000e+02   9.8500000e+02
   2.9200000e+02  -1.4200000e+02   9.8600000e+02
   2.9200000e+02  -1.3900000e+02   9.8900000e+02
   2.9300000e+02  -1.3400000e+02   9.8700000e+02
   2.9400000e+02  -1.4000000e+02   9.8500000e+02
   2.9500000e+02  -1.3700000e+02   9.8500000e+02
   2.9300000e+02  -1.4200000e+02   9.8700000e+02
   2.9500000e+02  -1.3200000e+02   9.8800000e+02
   2.9200000e+02  -1.4600000e+02   9.8100000e+02
   2.9800000e+02  -1.3600000e+02   9.8800000e+02
   2.9200000e+02  -1.3300000e+02   9.8800000e+02
   2.9700000e+02  -1.3100000e+02   9.8800000e+02
   2.9600000e+02  -1.4100000e+02   9.8600000e+02
   2.9500000e+02  -1.4100000e+02   9.8700000e+02
   2.9600000e+02  -1.3700000e+02   9.8600000e+02
   2.9800000e+02  -1.4100000e+02   9.8600000e+02
   2.9500000e+02  -1.3900000e+02   9.8800000e+02
   2.9300000e+02  -1.4000000e+02   9.8600000e+02
   2.9600000e+02  -1.4800000e+02   9.8300000e+02
   2.9700000e+02  -1.3600000e+02   9.8700000e+02
   2.9600000e+02  -1.3600000e+02   9.8900000e+02
   2.9800000e+02  -1.4800000e+02   9.8400000e+02
   2.9900000e+02  -1.2700000e+02   9.8800000e+02
   3.0000000e+02  -1.3900000e+02   9.8700000e+02
   2.9800000e+02  -1.3800000e+02   9.8500000e+02
   2.9800000e+02  -1.3700000e+02   9.8600000e+02
   2.9800000e+02  -1.3900000e+02   9.8500000e+02
   2.9700000e+02  -1.3900000e+02   9.8500000e+02
   2.9700000e+02  -1.4000000e+02   9.8600000e+02
   2.9700000e+02  -1.3800000e+02   9.8500000e+02
   2.9700000e+02  -1.3800000e+02   9.8600000e+02
   2.9700000e+02  -1.4000000e+02   9.8600000e+02
   2.9800000e+02  -1.3800000e+02   9.8600000e+02
   2.9800000e+02  -1.4100000e+02   9.8500000e+02
   2.9900000e+02  -1.3700000e+02   9.8600000e+02
   2.9800000e+02  -1.4000000e+02   9.8500000e+02
   2.9800000e+02  -1.3900000e+02   9.8600000e+02
   2.9800000e+02  -1.3700000e+02   9.8400000e+02
   2.9800000e+02  -1.3900000e+02   9.8600000e+02
   2.9800000e+02  -1.3900000e+02   9.8600000e+02
   2.9900000e+02  -1.3300000e+02   9.8700000e+02
   2.9500000e+02  -1.5000000e+02   9.8800000e+02
   2.9600000e+02  -1.4700000e+02   9.8500000e+02
   2.9700000e+02  -1.3200000e+02   9.8700000e+02
   2.9800000e+02  -1.4300000e+02   9.8700000e+02
   3.0200000e+02  -1.3900000e+02   9.8500000e+02
   3.0000000e+02  -1.4100000e+02   9.8400000e+02
   2.9900000e+02  -1.4000000e+02   9.8600000e+02
   2.9900000e+02  -1.3400000e+02   9.8600000e+02
   2.9800000e+02  -1.4300000e+02   9.8500000e+02
   3.0100000e+02  -1.4200000e+02   9.8300000e+02
   2.9800000e+02  -1.3500000e+02   9.9000000e+02
