   9.6600000e+02  -1.5100000e+02  -2.0800000e+02
   9.6700000e+02  -1.5300000e+02  -2.1000000e+02
   9.7600000e+02  -1.3200000e+02  -1.8500000e+02
   9.7500000e+02  -1.5600000e+02  -2.1200000e+02
   9.7400000e+02  -1.3400000e+02  -2.0600000e+02
   9.7000000e+02  -1.1600000e+02  -2.2600000e+02
   9.6800000e+02  -1.1200000e+02  -2.4200000e+02
   9.4000000e+02  -1.0400000e+02  -2.5300000e+02
   9.6200000e+02  -1.1400000e+02  -2.4400000e+02
   9.5000000e+02  -1.2800000e+02  -2.8000000e+02
   9.6100000e+02  -1.1000000e+02  -2.5100000e+02
   9.6500000e+02  -1.2500000e+02  -2.6700000e+02
   9.7300000e+02  -1.1600000e+02  -2.4100000e+02
   9.6400000e+02  -1.0200000e+02  -2.5500000e+02
   9.5700000e+02  -1.1100000e+02  -2.4000000e+02
   9.8100000e+02  -1.1600000e+02  -2.2400000e+02
   9.7400000e+02  -1.3700000e+02  -2.4100000e+02
   9.6600000e+02  -1.2500000e+02  -2.3300000e+02
   9.6600000e+02  -1.0900000e+02  -2.5400000e+02
   9.7500000e+02  -1.3100000e+02  -2.1600000e+02
   9.6500000e+02  -1.1500000e+02  -2.3900000e+02
   9.7100000e+02  -1.1000000e+02  -2.4000000e+02
   9.6200000e+02  -1.2600000e+02  -2.4100000e+02
   9.5600000e+02  -1.5600000e+02  -2.2500000e+02
   9.6200000e+02  -1.3400000e+02  -2.4700000e+02
   9.5600000e+02  -9.9000000e+01  -2.6200000e+02
   9.6100000e+02  -1.1200000e+02  -2.3900000e+02
   9.6500000e+02  -7.8000000e+01  -2.6300000e+02
   9.6500000e+02  -1.1000000e+02  -2.5400000e+02
   9.6600000e+02  -8.2000000e+01  -2.6200000e+02
   9.6500000e+02  -8.5000000e+01  -2.6500000e+02
   9.6400000e+02  -9.3000000e+01  -2.5800000e+02
   9.5400000e+02  -9.7000000e+01  -2.6600000e+02
   9.6200000e+02  -8.5000000e+01  -2.6000000e+02
   9.6900000e+02  -9.3000000e+01  -2.6800000e+02
   9.5900000e+02  -9.4000000e+01  -2.6900000e+02
   9.5200000e+02  -1.0600000e+02  -2.6900000e+02
   9.6100000e+02  -9.3000000e+01  -2.7000000e+02
   9.5000000e+02  -1.0500000e+02  -2.6500000e+02
   9.6500000e+02  -1.1000000e+02  -2.5700000e+02
   9.6200000e+02  -1.1300000e+02  -2.5600000e+02
   9.7600000e+02  -6.4000000e+01  -2.6300000e+02
   9.6700000e+02  -1.2900000e+02  -2.5800000e+02
   9.5700000e+02  -9.8000000e+01  -2.6400000e+02
   9.6800000e+02  -1.1100000e+02  -2.4300000e+02
   9.6800000e+02  -9.1000000e+01  -2.6000000e+02
   9.5900000e+02  -9.3000000e+01  -2.6200000e+02
   9.5300000e+02  -9.8000000e+01  -2.7200000e+02
   9.5500000e+02  -1.0100000e+02  -2.7900000e+02
   9.6600000e+02  -1.0000000e+02  -2.6200000e+02
   9.4800000e+02  -9.9000000e+01  -3.0000000e+02
   9.4800000e+02  -1.2000000e+02  -2.8000000e+02
   9.5400000e+02  -1.1800000e+02  -3.0600000e+02
   9.4700000e+02  -8.8000000e+01  -3.1200000e+02
   9.6300000e+02  -9.0000000e+01  -2.7800000e+02
   9.6200000e+02  -8.2000000e+01  -2.6000000e+02
   9.5700000e+02  -1.0000000e+02  -2.7300000e+02
   9.5800000e+02  -1.0100000e+02  -2.6500000e+02
   9.6200000e+02  -8.7000000e+01  -2.6900000e+02
   9.5800000e+02  -9.5000000e+01  -2.7400000e+02
   9.5800000e+02  -9.2000000e+01  -2.7000000e+02
   9.6400000e+02  -1.0900000e+02  -2.6300000e+02
   9.6400000e+02  -9.7000000e+01  -2.6500000e+02
   9.6400000e+02  -1.0300000e+02  -2.5800000e+02
   9.5600000e+02  -9.8000000e+01  -2.7200000e+02
   9.6700000e+02  -9.6000000e+01  -2.5100000e+02
   9.6400000e+02  -8.7000000e+01  -2.7500000e+02
   9.6800000e+02  -9.6000000e+01  -2.6000000e+02
   9.5900000e+02  -9.2000000e+01  -2.8200000e+02
   9.5900000e+02  -1.1200000e+02  -2.6800000e+02
   9.6200000e+02  -1.0400000e+02  -2.7400000e+02
   9.6300000e+02  -1.0300000e+02  -2.6300000e+02
   9.6400000e+02  -7.6000000e+01  -2.6600000e+02
   9.6800000e+02  -9.0000000e+01  -2.5500000e+02
   9.6700000e+02  -6.6000000e+01  -2.8400000e+02
   9.6700000e+02  -9.6000000e+01  -2.5900000e+02
   9.6600000e+02  -8.6000000e+01  -2.7300000e+02
   9.5800000e+02  -9.9000000e+01  -2.6500000e+02
   9.5500000e+02  -1.0700000e+02  -2.8100000e+02
   9.5800000e+02  -1.1100000e+02  -2.5600000e+02
   9.5400000e+02  -1.0900000e+02  -2.7800000e+02
   9.5700000e+02  -1.0200000e+02  -2.6400000e+02
   9.5200000e+02  -1.3200000e+02  -2.8400000e+02
   9.5800000e+02  -1.2300000e+02  -2.5800000e+02
   9.5200000e+02  -1.0900000e+02  -2.7400000e+02
   9.5600000e+02  -1.3300000e+02  -2.6100000e+02
   9.6300000e+02  -1.0700000e+02  -2.7900000e+02
   9.5800000e+02  -1.2300000e+02  -2.5300000e+02
   9.6500000e+02  -8.8000000e+01  -2.7700000e+02
   9.6400000e+02  -1.1700000e+02  -2.5700000e+02
   9.5700000e+02  -1.0900000e+02  -2.8300000e+02
   9.5700000e+02  -1.3200000e+02  -2.5500000e+02
   9.5900000e+02  -1.2500000e+02  -2.7300000e+02
   9.6000000e+02  -1.3300000e+02  -2.6100000e+02
   9.6100000e+02  -8.9000000e+01  -2.8600000e+02
   9.5400000e+02  -1.3100000e+02  -2.7700000e+02
