   9.5700000e+02  -4.1000000e+01  -2.8900000e+02
   9.5600000e+02  -4.5000000e+01  -2.9100000e+02
   9.6100000e+02  -5.0000000e+01  -2.7900000e+02
   9.6500000e+02  -4.9000000e+01  -2.7600000e+02
   9.6200000e+02  -5.4000000e+01  -2.8000000e+02
   9.5900000e+02  -4.8000000e+01  -2.8500000e+02
   9.5800000e+02  -6.0000000e+01  -2.8400000e+02
   9.6000000e+02  -5.4000000e+01  -2.8200000e+02
   9.6000000e+02  -5.1000000e+01  -2.8500000e+02
   9.5700000e+02  -5.7000000e+01  -2.9600000e+02
   9.5900000e+02  -5.4000000e+01  -2.8700000e+02
   9.6100000e+02  -5.2000000e+01  -2.8600000e+02
   9.5900000e+02  -5.1000000e+01  -2.8900000e+02
   9.5800000e+02  -5.3000000e+01  -2.9000000e+02
   9.6300000e+02  -4.5000000e+01  -2.8600000e+02
   9.6800000e+02   8.5000000e+01  -3.4800000e+02
   9.5800000e+02  -4.4000000e+01  -2.7400000e+02
   9.4900000e+02  -7.5000000e+01  -2.6800000e+02
   9.5400000e+02  -3.2000000e+01  -3.0900000e+02
   9.4300000e+02  -2.7000000e+01  -3.3700000e+02
   9.5200000e+02  -3.6000000e+01  -3.0600000e+02
   9.5300000e+02  -4.6000000e+01  -3.0300000e+02
   9.5800000e+02  -3.2000000e+01  -2.9500000e+02
   9.5200000e+02  -3.8000000e+01  -3.0400000e+02
   9.5100000e+02  -4.0000000e+01  -3.0800000e+02
   9.5700000e+02  -3.1000000e+01  -2.9600000e+02
   9.5000000e+02  -4.4000000e+01  -3.1200000e+02
   9.5600000e+02  -3.6000000e+01  -2.9800000e+02
   9.5200000e+02  -3.9000000e+01  -3.0100000e+02
   9.5500000e+02  -4.0000000e+01  -3.0400000e+02
   9.5800000e+02  -3.8000000e+01  -2.9800000e+02
   9.5500000e+02  -5.0000000e+01  -3.0000000e+02
   9.5500000e+02  -4.7000000e+01  -3.0000000e+02
   9.5600000e+02  -3.6000000e+01  -3.0100000e+02
   9.5600000e+02  -4.9000000e+01  -2.9500000e+02
   9.4900000e+02  -4.2000000e+01  -3.0200000e+02
   9.5400000e+02  -4.7000000e+01  -3.0100000e+02
   9.5700000e+02  -3.5000000e+01  -2.9900000e+02
   9.5300000e+02  -3.5000000e+01  -3.1200000e+02
   9.5300000e+02  -4.0000000e+01  -3.1400000e+02
   9.5500000e+02  -3.9000000e+01  -3.0100000e+02
   9.5400000e+02  -3.9000000e+01  -3.0600000e+02
   9.5200000e+02  -4.5000000e+01  -3.0800000e+02
   9.5300000e+02  -3.9000000e+01  -3.0600000e+02
   9.5100000e+02  -3.9000000e+01  -3.1300000e+02
   9.5100000e+02  -4.5000000e+01  -3.1100000e+02
   9.4300000e+02  -3.5000000e+01  -3.2200000e+02
   9.4600000e+02  -5.3000000e+01  -3.1800000e+02
   9.4900000e+02  -7.5000000e+01  -3.0500000e+02
   9.4700000e+02  -3.8000000e+01  -3.3300000e+02
   9.3500000e+02  -5.7000000e+01  -3.2800000e+02
   9.3600000e+02  -4.0000000e+01  -3.3400000e+02
   9.3600000e+02  -4.9000000e+01  -3.4300000e+02
   9.4800000e+02  -4.9000000e+01  -3.1400000e+02
   9.5100000e+02  -5.1000000e+01  -3.0200000e+02
   9.5500000e+02  -3.9000000e+01  -3.0100000e+02
   9.5300000e+02  -5.2000000e+01  -3.0600000e+02
   9.5600000e+02  -5.2000000e+01  -2.9800000e+02
   9.5900000e+02  -4.7000000e+01  -2.9000000e+02
   9.5500000e+02  -4.9000000e+01  -2.9900000e+02
   9.5900000e+02  -4.6000000e+01  -2.9600000e+02
   9.5500000e+02  -4.8000000e+01  -2.9700000e+02
   9.5300000e+02  -5.8000000e+01  -2.9600000e+02
   9.5600000e+02  -5.1000000e+01  -2.9500000e+02
   9.5300000e+02  -5.3000000e+01  -2.9700000e+02
   9.6400000e+02  -4.4000000e+01  -2.8200000e+02
   9.5700000e+02  -5.6000000e+01  -2.8800000e+02
   9.5900000e+02  -5.2000000e+01  -2.9600000e+02
   9.6100000e+02  -5.5000000e+01  -2.8400000e+02
   9.5100000e+02  -5.0000000e+01  -2.9600000e+02
   9.5600000e+02  -4.9000000e+01  -2.9000000e+02
   9.6100000e+02  -6.0000000e+01  -2.9600000e+02
   9.5700000e+02  -5.3000000e+01  -2.9500000e+02
   9.5400000e+02  -5.7000000e+01  -2.9800000e+02
   9.5600000e+02  -5.0000000e+01  -2.9800000e+02
   9.5600000e+02  -5.3000000e+01  -2.9900000e+02
   9.5300000e+02  -5.3000000e+01  -3.0000000e+02
   9.5700000e+02  -5.1000000e+01  -3.0000000e+02
   9.5600000e+02  -5.3000000e+01  -2.9300000e+02
   9.5000000e+02  -4.8000000e+01  -3.0500000e+02
   9.5800000e+02  -4.9000000e+01  -2.9500000e+02
   9.5500000e+02  -5.3000000e+01  -2.9900000e+02
   9.5900000e+02  -5.0000000e+01  -2.9400000e+02
   9.5700000e+02  -5.9000000e+01  -2.9500000e+02
   9.5700000e+02  -5.3000000e+01  -2.8900000e+02
   9.5700000e+02  -5.3000000e+01  -2.9300000e+02
   9.5500000e+02  -4.9000000e+01  -3.0000000e+02
   9.5200000e+02  -5.2000000e+01  -3.0500000e+02
   9.5300000e+02  -5.9000000e+01  -3.0100000e+02
   9.5200000e+02  -5.1000000e+01  -3.0200000e+02
   9.5200000e+02  -5.5000000e+01  -3.0400000e+02
   9.5400000e+02  -5.1000000e+01  -3.0100000e+02
   9.5100000e+02  -5.4000000e+01  -3.0500000e+02
   9.5300000e+02  -5.3000000e+01  -3.0600000e+02
   9.5700000e+02  -5.9000000e+01  -3.0000000e+02
   9.5300000e+02  -5.3000000e+01  -3.0700000e+02
