   9.4500000e+02  -1.1400000e+02  -2.9900000e+02
   9.1500000e+02  -1.4200000e+02  -2.5100000e+02
   9.2900000e+02  -6.7000000e+01  -3.3500000e+02
   9.6900000e+02  -7.5000000e+01  -2.6900000e+02
   9.5100000e+02  -1.1100000e+02  -2.8500000e+02
   9.4700000e+02  -1.0300000e+02  -3.0100000e+02
   9.5600000e+02  -7.4000000e+01  -2.9000000e+02
   9.4700000e+02  -9.6000000e+01  -3.0100000e+02
   9.5200000e+02  -8.0000000e+01  -3.1200000e+02
   9.5400000e+02  -8.0000000e+01  -3.0500000e+02
   9.3600000e+02  -9.9000000e+01  -3.2100000e+02
   9.5100000e+02  -9.8000000e+01  -3.0800000e+02
   9.5600000e+02  -8.4000000e+01  -2.9800000e+02
   9.5200000e+02  -8.0000000e+01  -3.0400000e+02
   9.4700000e+02  -1.0200000e+02  -3.0900000e+02
   9.4000000e+02  -8.7000000e+01  -3.0900000e+02
   9.5300000e+02  -1.0700000e+02  -2.9700000e+02
   9.5100000e+02  -9.7000000e+01  -2.9800000e+02
   9.4100000e+02  -7.6000000e+01  -3.1700000e+02
   9.5500000e+02  -7.3000000e+01  -3.0300000e+02
   9.4700000e+02  -8.5000000e+01  -3.0300000e+02
   9.4800000e+02  -7.8000000e+01  -3.0600000e+02
   9.5200000e+02  -7.7000000e+01  -3.0400000e+02
   9.5400000e+02  -7.4000000e+01  -3.0900000e+02
   9.4700000e+02  -7.7000000e+01  -3.0200000e+02
   9.5600000e+02  -9.6000000e+01  -2.8900000e+02
   9.5700000e+02  -7.2000000e+01  -3.1400000e+02
   9.5500000e+02  -8.5000000e+01  -2.8600000e+02
   9.6000000e+02  -5.7000000e+01  -3.0200000e+02
   9.7000000e+02  -1.1400000e+02  -2.3300000e+02
   9.5400000e+02  -6.4000000e+01  -2.9400000e+02
   9.6200000e+02  -9.7000000e+01  -2.6800000e+02
   9.4400000e+02  -4.6000000e+01  -3.2300000e+02
   9.5400000e+02  -9.5000000e+01  -2.6600000e+02
   9.4400000e+02  -5.1000000e+01  -3.4800000e+02
   9.4300000e+02  -1.0700000e+02  -2.8500000e+02
   9.4400000e+02  -7.9000000e+01  -3.3800000e+02
   9.4400000e+02  -1.3400000e+02  -2.8800000e+02
   9.4700000e+02  -5.6000000e+01  -3.5300000e+02
   9.3800000e+02  -1.1200000e+02  -2.7900000e+02
   9.4000000e+02  -3.2000000e+01  -3.6600000e+02
   9.4600000e+02  -1.1400000e+02  -2.8700000e+02
   9.4200000e+02  -7.3000000e+01  -3.4100000e+02
   9.4600000e+02  -1.2200000e+02  -2.9300000e+02
   9.4300000e+02  -9.0000000e+01  -3.3400000e+02
   9.3900000e+02  -1.4400000e+02  -2.8000000e+02
   9.4900000e+02  -7.0000000e+01  -3.3300000e+02
   9.4600000e+02  -1.4600000e+02  -2.7600000e+02
   9.3700000e+02  -6.5000000e+01  -3.4800000e+02
   9.4400000e+02  -1.5800000e+02  -2.6900000e+02
   9.4400000e+02  -7.7000000e+01  -3.2200000e+02
   9.4900000e+02  -8.5000000e+01  -3.1800000e+02
   9.4600000e+02  -7.8000000e+01  -3.4300000e+02
   9.4900000e+02  -1.0700000e+02  -2.9700000e+02
   9.4200000e+02  -5.2000000e+01  -3.3500000e+02
   9.4400000e+02  -9.8000000e+01  -3.1200000e+02
   9.4000000e+02  -5.7000000e+01  -3.4400000e+02
   9.4300000e+02  -8.8000000e+01  -3.3000000e+02
   9.3700000e+02  -6.2000000e+01  -3.5000000e+02
   9.4300000e+02  -1.0200000e+02  -3.1100000e+02
   9.4800000e+02  -4.0000000e+01  -3.4000000e+02
   9.5600000e+02  -1.0300000e+02  -2.8900000e+02
   9.4400000e+02  -1.3000000e+02  -2.9700000e+02
   9.6400000e+02  -6.8000000e+01  -2.8800000e+02
   9.4300000e+02  -9.2000000e+01  -3.0800000e+02
   9.4800000e+02  -9.0000000e+01  -2.9600000e+02
   9.4200000e+02  -8.3000000e+01  -3.0600000e+02
   9.5700000e+02  -8.5000000e+01  -2.8200000e+02
   9.5500000e+02  -8.7000000e+01  -2.8200000e+02
   9.4800000e+02  -7.8000000e+01  -2.9900000e+02
   9.7100000e+02  -7.4000000e+01  -2.6400000e+02
   9.5000000e+02  -9.2000000e+01  -2.6500000e+02
   9.6200000e+02  -8.7000000e+01  -2.5500000e+02
   9.6300000e+02  -8.3000000e+01  -2.5900000e+02
   9.6900000e+02  -6.1000000e+01  -2.7700000e+02
   9.5000000e+02  -1.0700000e+02  -2.8700000e+02
   9.6900000e+02  -1.1000000e+02  -2.8000000e+02
   9.6000000e+02  -8.8000000e+01  -2.7700000e+02
   9.5200000e+02  -1.2100000e+02  -2.8100000e+02
   9.5400000e+02  -1.1100000e+02  -2.6600000e+02
   9.6200000e+02  -9.1000000e+01  -2.6800000e+02
   9.6000000e+02  -8.3000000e+01  -2.7500000e+02
   9.6400000e+02  -8.6000000e+01  -2.6400000e+02
   9.6300000e+02  -6.8000000e+01  -2.9200000e+02
   9.4400000e+02  -9.2000000e+01  -2.9000000e+02
   9.7200000e+02  -6.5000000e+01  -3.1000000e+02
   9.6800000e+02  -1.1900000e+02  -2.3100000e+02
   9.6200000e+02  -1.0800000e+02  -2.4500000e+02
   9.6800000e+02  -1.0400000e+02  -2.3500000e+02
   9.6400000e+02  -1.2100000e+02  -2.3900000e+02
   9.7600000e+02  -1.0800000e+02  -2.2000000e+02
   9.6800000e+02  -8.4000000e+01  -2.6800000e+02
   9.6500000e+02  -9.4000000e+01  -2.5100000e+02
   9.6400000e+02  -8.4000000e+01  -2.7600000e+02
   9.6600000e+02  -9.1000000e+01  -2.6700000e+02
   9.5700000e+02  -9.4000000e+01  -2.9700000e+02
