   9.5400000e+02  -6.0000000e+00  -2.9200000e+02
   9.6500000e+02  -8.0000000e+00  -2.7700000e+02
   9.7800000e+02  -2.3000000e+01  -2.2400000e+02
   9.8100000e+02  -1.9000000e+01  -2.0000000e+02
   9.7900000e+02  -2.2000000e+01  -2.0900000e+02
   9.6700000e+02  -1.3000000e+01  -2.4500000e+02
   9.7300000e+02   0.0000000e+00  -2.3400000e+02
   9.7300000e+02   2.6000000e+01  -2.5600000e+02
   9.8800000e+02  -1.0000000e+00  -2.3800000e+02
   9.7500000e+02   2.5000000e+01  -2.6300000e+02
   9.7300000e+02   4.2000000e+01  -2.7100000e+02
   9.7400000e+02   1.0000000e+01  -2.4500000e+02
   9.7400000e+02   5.7000000e+01  -2.7100000e+02
   9.7300000e+02   1.0000000e+01  -2.3400000e+02
   9.6900000e+02   1.7000000e+01  -2.4600000e+02
   9.6900000e+02   2.7000000e+01  -2.5000000e+02
   9.7300000e+02   2.1000000e+01  -2.4600000e+02
   9.6400000e+02   1.1000000e+01  -2.5600000e+02
   9.6500000e+02   1.6000000e+01  -2.6900000e+02
   9.6600000e+02   1.4000000e+01  -2.5900000e+02
   9.6400000e+02   1.5000000e+01  -2.7100000e+02
   9.8300000e+02   9.0000000e+00  -2.3400000e+02
   9.6700000e+02   3.0000000e+01  -2.6300000e+02
   9.5700000e+02   1.1000000e+01  -2.7800000e+02
   9.6200000e+02   9.0000000e+00  -2.7200000e+02
   9.6800000e+02   2.0000000e+00  -2.6000000e+02
   9.6300000e+02  -1.6000000e+01  -2.5900000e+02
   9.7400000e+02   2.2000000e+01  -2.6000000e+02
   9.7400000e+02   7.0000000e+00  -2.5400000e+02
   9.7100000e+02   2.5000000e+01  -2.4900000e+02
   9.7200000e+02   1.2000000e+01  -2.5500000e+02
   9.6900000e+02   1.9000000e+01  -2.6200000e+02
   9.7000000e+02   1.0000000e+01  -2.5800000e+02
   9.6500000e+02   1.8000000e+01  -2.6800000e+02
   9.7300000e+02   6.0000000e+00  -2.6700000e+02
   9.6800000e+02   5.0000000e+00  -2.6200000e+02
   9.7300000e+02   4.0000000e+00  -2.6100000e+02
   9.6800000e+02   5.0000000e+00  -2.6200000e+02
   9.6300000e+02   9.0000000e+00  -2.6500000e+02
   9.6700000e+02   6.0000000e+00  -2.6600000e+02
   9.7000000e+02   1.2000000e+01  -2.6100000e+02
   9.6600000e+02   8.0000000e+00  -2.7200000e+02
   9.6400000e+02   7.0000000e+00  -2.6900000e+02
   9.6600000e+02   2.0000000e+00  -2.6900000e+02
   9.6600000e+02   1.5000000e+01  -2.6900000e+02
   9.6600000e+02   1.4000000e+01  -2.7400000e+02
   9.6800000e+02   1.2000000e+01  -2.7100000e+02
   9.6100000e+02   7.0000000e+00  -2.7600000e+02
   9.6600000e+02   7.0000000e+00  -2.7000000e+02
   9.6500000e+02   3.0000000e+00  -2.7400000e+02
   9.6900000e+02   1.2000000e+01  -2.6300000e+02
   9.7100000e+02   4.0000000e+00  -2.6300000e+02
   9.6900000e+02   8.0000000e+00  -2.6100000e+02
   9.6800000e+02   1.1000000e+01  -2.6500000e+02
   9.5900000e+02  -5.0000000e+00  -2.7700000e+02
   9.6700000e+02   5.0000000e+00  -2.6500000e+02
   9.7200000e+02   7.0000000e+00  -2.5900000e+02
   9.6400000e+02   4.0000000e+00  -2.6400000e+02
   9.7000000e+02   6.0000000e+00  -2.6400000e+02
   9.6700000e+02   4.0000000e+00  -2.6900000e+02
   9.6500000e+02   8.0000000e+00  -2.7000000e+02
   9.7000000e+02   7.0000000e+00  -2.7300000e+02
   9.6600000e+02   1.1000000e+01  -2.7600000e+02
   9.6900000e+02   3.0000000e+00  -2.7200000e+02
   9.5500000e+02  -1.6000000e+01  -2.7300000e+02
   9.7100000e+02  -1.2000000e+01  -2.5700000e+02
   9.6500000e+02   3.3000000e+01  -2.8000000e+02
   9.6500000e+02   8.0000000e+00  -2.7900000e+02
   9.6600000e+02  -3.7000000e+01  -2.7200000e+02
   9.6300000e+02  -1.1000000e+01  -2.7500000e+02
   9.6300000e+02  -8.0000000e+00  -2.7600000e+02
   9.6400000e+02  -7.0000000e+00  -2.7000000e+02
   9.6900000e+02   3.0000000e+00  -2.7400000e+02
   9.5900000e+02   3.0000000e+00  -2.7900000e+02
   9.5700000e+02   1.1000000e+01  -2.9100000e+02
   9.7100000e+02   1.3000000e+01  -2.8900000e+02
   9.6600000e+02  -1.8000000e+01  -2.7100000e+02
   9.6200000e+02   3.0000000e+00  -2.8500000e+02
   9.6200000e+02   1.0000000e+01  -2.8000000e+02
   9.6000000e+02  -5.0000000e+00  -2.7900000e+02
   9.6700000e+02   1.0000000e+00  -2.8100000e+02
   9.6600000e+02   0.0000000e+00  -2.8300000e+02
   9.6600000e+02  -1.0000000e+00  -2.7300000e+02
   9.6000000e+02  -9.0000000e+00  -2.7700000e+02
   9.6700000e+02  -1.0000000e+01  -2.7800000e+02
   9.6400000e+02  -7.0000000e+00  -2.7000000e+02
   9.6400000e+02   2.0000000e+00  -2.6700000e+02
   9.6500000e+02  -7.0000000e+00  -2.8000000e+02
   9.6800000e+02   1.0000000e+00  -2.6700000e+02
   9.6500000e+02  -1.4000000e+01  -2.7000000e+02
   9.6800000e+02  -6.0000000e+00  -2.7800000e+02
   9.7000000e+02   6.0000000e+00  -2.6700000e+02
   9.6200000e+02   4.0000000e+00  -2.8000000e+02
   9.6200000e+02   1.0000000e+00  -2.7800000e+02
   9.5700000e+02   1.0000000e+00  -2.8700000e+02
   9.5900000e+02   7.0000000e+00  -2.8300000e+02
