   9.2400000e+02  -9.0000000e+00  -2.5200000e+02
   9.6400000e+02  -3.5000000e+01  -2.5100000e+02
   9.6200000e+02  -1.0800000e+02  -2.4900000e+02
   9.7200000e+02  -6.0000000e+01  -2.6200000e+02
   9.5300000e+02  -5.6000000e+01  -3.1200000e+02
   9.6900000e+02  -6.8000000e+01  -2.5700000e+02
   9.4400000e+02  -2.4000000e+01  -3.1900000e+02
   9.6300000e+02  -2.7000000e+01  -2.8500000e+02
   9.4700000e+02  -2.8000000e+01  -2.9500000e+02
   9.2900000e+02  -1.9000000e+01  -2.9400000e+02
   9.4600000e+02  -4.4000000e+01  -3.2800000e+02
   9.5100000e+02  -4.8000000e+01  -3.1400000e+02
   9.6800000e+02  -4.8000000e+01  -2.9800000e+02
   9.6500000e+02  -5.4000000e+01  -2.8800000e+02
   9.7100000e+02  -5.5000000e+01  -2.6400000e+02
   9.6300000e+02  -6.3000000e+01  -2.7000000e+02
   9.6200000e+02  -9.1000000e+01  -2.5100000e+02
   9.5700000e+02  -7.0000000e+01  -2.6900000e+02
   9.6400000e+02  -4.0000000e+01  -3.0500000e+02
   9.5400000e+02  -9.2000000e+01  -2.7700000e+02
   9.4600000e+02  -7.5000000e+01  -3.0300000e+02
   9.4300000e+02  -4.2000000e+01  -3.2800000e+02
   9.4600000e+02  -8.6000000e+01  -3.1400000e+02
   9.4800000e+02  -6.7000000e+01  -3.1400000e+02
   9.5100000e+02  -5.1000000e+01  -3.1300000e+02
   9.5100000e+02  -4.7000000e+01  -3.1000000e+02
   9.5500000e+02  -4.8000000e+01  -2.8700000e+02
   9.5900000e+02  -8.9000000e+01  -2.7200000e+02
   9.5600000e+02  -4.4000000e+01  -2.9400000e+02
   9.6300000e+02  -7.3000000e+01  -2.8700000e+02
   9.5200000e+02  -5.3000000e+01  -3.1300000e+02
   9.6200000e+02  -4.7000000e+01  -2.8000000e+02
   9.7000000e+02  -6.9000000e+01  -2.7400000e+02
   9.5600000e+02  -5.4000000e+01  -3.0000000e+02
   9.4900000e+02  -7.7000000e+01  -3.0200000e+02
   9.4200000e+02  -8.6000000e+01  -3.0600000e+02
   9.4600000e+02  -3.9000000e+01  -3.2400000e+02
   9.5000000e+02  -5.9000000e+01  -3.1000000e+02
   9.4200000e+02  -1.6000000e+01  -3.3000000e+02
   9.4500000e+02  -6.1000000e+01  -3.1300000e+02
   9.4900000e+02  -1.1000000e+01  -3.2600000e+02
   9.3900000e+02  -7.5000000e+01  -3.1700000e+02
   9.5300000e+02  -6.7000000e+01  -3.1500000e+02
   9.4000000e+02  -7.2000000e+01  -3.3200000e+02
   9.6100000e+02  -5.7000000e+01  -3.1700000e+02
   9.4400000e+02  -8.4000000e+01  -3.0000000e+02
   9.4500000e+02  -3.9000000e+01  -3.0200000e+02
   9.4500000e+02   2.5000000e+01  -3.1100000e+02
   9.7400000e+02   1.9000000e+01  -3.0400000e+02
   9.6400000e+02  -7.3000000e+01  -2.6300000e+02
   9.4700000e+02  -2.1000000e+01  -3.3700000e+02
   9.5300000e+02  -8.1000000e+01  -3.0000000e+02
   9.3900000e+02  -6.4000000e+01  -3.2100000e+02
   9.5300000e+02  -4.0000000e+01  -3.0600000e+02
   9.4600000e+02  -3.7000000e+01  -3.2300000e+02
   9.5600000e+02  -2.9000000e+01  -3.0300000e+02
   9.5300000e+02  -3.0000000e+01  -3.1600000e+02
   9.4600000e+02  -4.3000000e+01  -3.1200000e+02
   9.5200000e+02  -4.2000000e+01  -3.0700000e+02
   9.5000000e+02  -2.3000000e+01  -3.2100000e+02
   9.4500000e+02  -4.5000000e+01  -3.0500000e+02
   9.5400000e+02  -3.3000000e+01  -3.0000000e+02
   9.6700000e+02  -3.9000000e+01  -2.7800000e+02
   9.5500000e+02  -3.5000000e+01  -2.8700000e+02
   9.6900000e+02  -4.0000000e+01  -2.7100000e+02
   9.6900000e+02  -1.9000000e+01  -2.7900000e+02
   9.6600000e+02  -3.9000000e+01  -2.7200000e+02
   9.5000000e+02  -2.6000000e+01  -3.2900000e+02
   9.5000000e+02  -4.4000000e+01  -3.1800000e+02
   9.4600000e+02   1.0000000e+00  -3.3200000e+02
   9.5700000e+02  -6.1000000e+01  -2.9900000e+02
   9.5300000e+02  -4.8000000e+01  -3.0500000e+02
   9.5700000e+02  -6.0000000e+01  -2.9000000e+02
   9.5000000e+02  -5.2000000e+01  -3.1200000e+02
   9.5200000e+02  -4.7000000e+01  -2.9300000e+02
   9.5200000e+02  -2.9000000e+01  -3.3700000e+02
   9.9000000e+02  -1.1000000e+01  -2.9300000e+02
   9.4500000e+02  -4.1000000e+01  -3.1000000e+02
   9.4300000e+02  -5.5000000e+01  -3.1100000e+02
   9.5700000e+02  -4.7000000e+01  -2.9700000e+02
   9.5700000e+02  -6.3000000e+01  -2.9100000e+02
   9.5700000e+02  -4.6000000e+01  -3.0100000e+02
   9.6400000e+02  -5.1000000e+01  -2.6900000e+02
   9.5700000e+02  -5.1000000e+01  -2.9100000e+02
   9.6500000e+02  -3.9000000e+01  -2.7400000e+02
   9.5800000e+02  -5.6000000e+01  -2.8400000e+02
   9.5900000e+02  -5.2000000e+01  -2.8200000e+02
   9.5700000e+02  -5.7000000e+01  -2.8200000e+02
   9.5800000e+02  -5.9000000e+01  -2.8900000e+02
   9.5900000e+02  -5.9000000e+01  -2.9200000e+02
   9.5800000e+02  -5.6000000e+01  -2.9100000e+02
   9.5800000e+02  -6.1000000e+01  -2.8700000e+02
   9.5700000e+02  -5.9000000e+01  -2.8700000e+02
   9.5800000e+02  -5.8000000e+01  -2.8200000e+02
   9.5800000e+02  -5.6000000e+01  -2.8600000e+02
   9.5400000e+02  -5.6000000e+01  -2.8300000e+02
