   9.4900000e+02  -2.8000000e+01  -3.2800000e+02
   9.5400000e+02  -2.9000000e+01  -3.2700000e+02
   9.5300000e+02  -2.8000000e+01  -3.1300000e+02
   9.4700000e+02  -3.2000000e+01  -3.1300000e+02
   9.4700000e+02  -2.7000000e+01  -3.2600000e+02
   9.5000000e+02  -2.4000000e+01  -3.0900000e+02
   9.4600000e+02  -3.2000000e+01  -3.1900000e+02
   9.4600000e+02  -4.3000000e+01  -3.1800000e+02
   9.4400000e+02  -2.7000000e+01  -3.3400000e+02
   9.4700000e+02  -3.2000000e+01  -3.3000000e+02
   9.7700000e+02  -4.9000000e+01  -2.6300000e+02
   9.4000000e+02  -4.8000000e+01  -3.5000000e+02
   9.3700000e+02  -3.9000000e+01  -3.4100000e+02
   9.6500000e+02  -1.7000000e+01  -3.2400000e+02
   9.7400000e+02  -4.3000000e+01  -2.7800000e+02
   9.4800000e+02  -1.9000000e+01  -3.1800000e+02
   9.2700000e+02  -2.1000000e+01  -3.0600000e+02
   9.5100000e+02  -5.2000000e+01  -2.6300000e+02
   9.4700000e+02  -1.8000000e+01  -3.4200000e+02
   9.4400000e+02  -2.6000000e+01  -3.3700000e+02
   9.3700000e+02   8.0000000e+00  -3.4700000e+02
   9.4000000e+02  -3.3000000e+01  -3.1900000e+02
   9.4800000e+02  -4.4000000e+01  -3.1100000e+02
   9.5000000e+02  -2.8000000e+01  -3.1500000e+02
   9.5300000e+02  -2.5000000e+01  -3.1200000e+02
   9.5100000e+02  -3.2000000e+01  -3.1200000e+02
   9.5700000e+02  -3.6000000e+01  -2.9900000e+02
   9.5600000e+02  -4.1000000e+01  -2.9700000e+02
   9.5800000e+02  -3.2000000e+01  -2.9300000e+02
   9.5800000e+02  -4.1000000e+01  -2.9600000e+02
   9.5700000e+02  -3.9000000e+01  -2.9500000e+02
   9.5400000e+02  -3.8000000e+01  -2.9600000e+02
   9.6000000e+02  -4.0000000e+01  -2.9100000e+02
   9.5500000e+02  -4.2000000e+01  -2.9500000e+02
   9.6000000e+02  -4.0000000e+01  -2.8800000e+02
   9.5600000e+02  -4.0000000e+01  -3.0000000e+02
   9.5700000e+02  -3.6000000e+01  -3.0000000e+02
   9.5700000e+02  -3.9000000e+01  -2.9700000e+02
   9.5400000e+02  -3.9000000e+01  -3.0000000e+02
   9.5500000e+02  -3.9000000e+01  -2.9700000e+02
   9.5500000e+02  -3.6000000e+01  -3.0100000e+02
   9.5200000e+02  -3.4000000e+01  -3.0600000e+02
   9.5300000e+02  -3.7000000e+01  -2.9600000e+02
   9.5500000e+02  -4.6000000e+01  -3.0200000e+02
   9.5500000e+02  -4.3000000e+01  -3.0500000e+02
   9.5500000e+02  -4.3000000e+01  -3.0200000e+02
   9.5100000e+02  -4.5000000e+01  -3.0100000e+02
   9.5500000e+02  -4.5000000e+01  -3.0400000e+02
   9.5700000e+02  -4.8000000e+01  -2.9800000e+02
   9.5500000e+02  -4.6000000e+01  -3.0300000e+02
   9.5600000e+02  -4.8000000e+01  -2.9400000e+02
   9.5800000e+02  -5.1000000e+01  -2.9400000e+02
   9.5300000e+02  -5.0000000e+01  -3.0600000e+02
   9.5100000e+02  -4.7000000e+01  -3.0400000e+02
   9.5400000e+02  -4.6000000e+01  -3.0300000e+02
   9.5600000e+02  -5.1000000e+01  -3.0100000e+02
   9.5100000e+02  -4.5000000e+01  -3.0600000e+02
   9.5300000e+02  -4.8000000e+01  -3.0600000e+02
   9.5500000e+02  -4.6000000e+01  -3.0500000e+02
   9.5800000e+02  -4.5000000e+01  -2.8900000e+02
   9.5600000e+02  -4.5000000e+01  -2.9200000e+02
   9.6100000e+02  -4.3000000e+01  -2.8300000e+02
   9.6100000e+02  -4.0000000e+01  -2.8200000e+02
   9.6200000e+02  -4.7000000e+01  -2.8400000e+02
   9.5700000e+02  -4.6000000e+01  -2.9200000e+02
   9.5900000e+02  -4.4000000e+01  -2.8800000e+02
   9.5900000e+02  -4.1000000e+01  -2.8700000e+02
   9.5900000e+02  -4.7000000e+01  -2.8500000e+02
   9.5500000e+02  -4.2000000e+01  -2.9000000e+02
   9.6300000e+02  -4.0000000e+01  -2.7900000e+02
   9.6100000e+02  -4.4000000e+01  -2.8100000e+02
   9.6500000e+02  -4.8000000e+01  -2.7300000e+02
   9.6400000e+02  -4.6000000e+01  -2.7900000e+02
   9.5800000e+02  -4.6000000e+01  -2.7900000e+02
   9.5400000e+02  -4.7000000e+01  -2.9500000e+02
   9.6500000e+02  -4.9000000e+01  -2.7300000e+02
   9.5700000e+02  -4.5000000e+01  -2.8300000e+02
   9.5600000e+02  -4.0000000e+01  -2.9400000e+02
   9.6200000e+02  -4.7000000e+01  -2.7800000e+02
   9.5700000e+02  -4.8000000e+01  -2.8500000e+02
   9.6200000e+02  -5.1000000e+01  -2.7900000e+02
   9.5700000e+02  -4.7000000e+01  -2.8300000e+02
   9.5800000e+02  -4.7000000e+01  -2.8900000e+02
   9.6000000e+02  -3.9000000e+01  -2.9300000e+02
   9.6300000e+02  -3.6000000e+01  -2.8300000e+02
   9.6000000e+02  -4.0000000e+01  -2.9400000e+02
   9.5400000e+02  -4.0000000e+01  -2.9800000e+02
   9.5500000e+02  -3.6000000e+01  -3.1100000e+02
   9.4900000e+02  -4.3000000e+01  -3.0900000e+02
   9.5700000e+02  -5.1000000e+01  -2.8400000e+02
   9.5400000e+02  -5.6000000e+01  -2.9300000e+02
   9.6100000e+02  -8.2000000e+01  -2.6900000e+02
   9.6000000e+02  -6.5000000e+01  -2.9100000e+02
   9.6700000e+02  -4.6000000e+01  -2.7200000e+02
   9.5400000e+02  -3.9000000e+01  -2.9100000e+02
   9.6600000e+02  -2.0000000e+01  -2.5900000e+02
