   7.9300000e+02  -9.5000000e+01  -2.0000000e+01
   7.9300000e+02  -9.5000000e+01  -2.0000000e+01
   9.7900000e+02  -1.7700000e+02  -1.0800000e+02
   8.9600000e+02  -1.7400000e+02  -3.2000000e+02
   1.0800000e+03  -3.3100000e+02  -5.5300000e+02
   1.0670000e+03  -7.9000000e+01  -4.6300000e+02
   8.0300000e+02  -2.1800000e+02  -2.2000000e+01
   1.0030000e+03  -1.4300000e+02   1.1800000e+02
   9.7400000e+02  -3.5700000e+02  -1.5900000e+02
   9.0400000e+02  -3.1200000e+02  -3.1100000e+02
   9.2600000e+02  -1.6100000e+02  -4.2900000e+02
   9.8700000e+02  -1.1200000e+02  -4.7400000e+02
   1.0220000e+03  -1.8500000e+02  -1.0700000e+02
   1.0180000e+03  -1.4600000e+02   5.0600000e+02
   1.0150000e+03  -3.0100000e+02  -1.2700000e+02
   1.0620000e+03  -2.7500000e+02  -1.8700000e+02
   8.9200000e+02  -3.2000000e+01  -4.4300000e+02
   9.8700000e+02   9.2000000e+01  -1.5500000e+02
   8.7900000e+02  -1.4600000e+02  -2.7900000e+02
   9.0700000e+02  -2.5100000e+02   3.3300000e+02
   8.4100000e+02  -2.3000000e+02  -1.7500000e+02
   9.3100000e+02  -1.9000000e+02  -3.1000000e+02
   8.9800000e+02  -1.4300000e+02  -3.8600000e+02
   1.0890000e+03   2.5000000e+02   4.3000000e+01
   9.6600000e+02  -8.2000000e+01  -2.6000000e+02
   7.8500000e+02  -2.8200000e+02   2.8000000e+02
   6.8700000e+02  -2.2500000e+02  -1.8700000e+02
   9.5200000e+02  -1.5200000e+02  -1.3000000e+01
   8.9400000e+02  -2.2200000e+02  -3.4100000e+02
   8.9400000e+02  -2.2200000e+02  -3.4100000e+02
   9.7300000e+02   7.0000000e+00  -3.8700000e+02
   6.7300000e+02  -1.7600000e+02   8.6000000e+01
   6.7300000e+02  -1.7600000e+02   8.6000000e+01
   9.1400000e+02  -1.5500000e+02  -2.4100000e+02
   8.9500000e+02  -2.5400000e+02  -3.1800000e+02
   7.9600000e+02  -2.6400000e+02  -4.5600000e+02
   1.0640000e+03  -5.6000000e+01  -4.7500000e+02
   8.1600000e+02  -2.7400000e+02   3.6000000e+01
   9.4600000e+02  -2.2500000e+02   9.0000000e+00
   9.4600000e+02  -2.9900000e+02  -1.2500000e+02
   9.0600000e+02  -6.9000000e+01  -3.6100000e+02
   9.9000000e+02  -2.2200000e+02  -3.1100000e+02
   9.0800000e+02  -2.3600000e+02  -4.4700000e+02
   9.9800000e+02  -7.4000000e+01  -3.0000000e+00
   8.4800000e+02  -1.1600000e+02   2.4200000e+02
   9.0100000e+02  -2.8800000e+02  -1.7500000e+02
   8.6400000e+02  -4.1600000e+02  -3.5200000e+02
   9.2600000e+02  -9.6000000e+01  -3.0400000e+02
   9.1000000e+02   2.3200000e+02  -5.3000000e+01
   8.2200000e+02  -1.9900000e+02  -2.8800000e+02
   9.5500000e+02  -1.4800000e+02   2.6700000e+02
   9.8800000e+02  -1.9600000e+02  -3.0200000e+02
   8.6400000e+02  -1.7800000e+02  -4.4400000e+02
   8.6400000e+02  -1.7800000e+02  -4.4400000e+02
   1.0040000e+03  -1.8600000e+02  -5.1700000e+02
   8.2000000e+02   1.2000000e+01  -4.2000000e+01
   8.2000000e+02   1.2000000e+01  -4.2000000e+01
   9.9000000e+02  -1.3200000e+02  -1.1300000e+02
   9.6200000e+02  -5.2000000e+01  -3.0700000e+02
   9.7800000e+02  -1.6100000e+02  -5.1000000e+02
   9.7300000e+02  -2.5200000e+02  -4.7600000e+02
   9.9800000e+02   8.1000000e+01  -2.9000000e+01
   7.5800000e+02  -1.2100000e+02   2.4000000e+01
   9.1000000e+02  -2.6300000e+02  -1.7600000e+02
   9.0700000e+02  -1.4500000e+02  -3.7600000e+02
   9.5100000e+02  -4.3000000e+01  -4.4000000e+02
   1.0400000e+03   8.9000000e+01  -2.9500000e+02
   1.0720000e+03  -3.1000000e+01  -1.2000000e+02
   1.0720000e+03  -3.1000000e+01  -1.2000000e+02
   8.4200000e+02  -2.6900000e+02  -2.4400000e+02
   9.2100000e+02  -3.2100000e+02  -2.9400000e+02
   9.2000000e+02  -1.3700000e+02  -3.6400000e+02
   1.0580000e+03   1.6000000e+01  -9.6000000e+01
   9.3100000e+02   8.9000000e+01  -3.9200000e+02
   7.2900000e+02  -2.3400000e+02   1.6800000e+02
   8.7300000e+02  -1.6200000e+02   5.2000000e+01
   9.8800000e+02  -1.1600000e+02  -1.5000000e+02
   8.7000000e+02  -9.4000000e+01  -4.2100000e+02
   1.0780000e+03  -2.6100000e+02  -3.0300000e+02
   9.7900000e+02  -1.1900000e+02  -4.5900000e+02
   8.4200000e+02  -1.7600000e+02   1.5500000e+02
   8.4200000e+02  -1.7600000e+02   1.5500000e+02
   9.5800000e+02  -2.3600000e+02  -1.1800000e+02
   9.2700000e+02  -1.6500000e+02  -2.9000000e+02
   9.2700000e+02  -1.6500000e+02  -2.9000000e+02
   1.0540000e+03  -1.7600000e+02  -3.9600000e+02
   8.9400000e+02  -3.4000000e+01  -1.9000000e+01
   6.9200000e+02  -5.0000000e+00  -1.6200000e+02
   9.4200000e+02  -3.1800000e+02  -2.0600000e+02
   9.0700000e+02  -2.5700000e+02  -3.1400000e+02
   8.9300000e+02  -3.0400000e+02  -4.7900000e+02
   8.9300000e+02  -3.0400000e+02  -4.7900000e+02
   9.6800000e+02   4.5000000e+01   2.1700000e+02
   8.3000000e+02  -1.0200000e+02   2.5900000e+02
   9.8700000e+02  -1.8800000e+02  -2.3900000e+02
   8.6700000e+02  -3.2600000e+02  -3.8200000e+02
