   8.5500000e+02  -2.7000000e+01   7.8000000e+01
   9.8900000e+02  -2.1400000e+02   7.2000000e+01
   9.8100000e+02  -2.7100000e+02  -2.9600000e+02
   9.2500000e+02  -1.5200000e+02  -3.5800000e+02
   9.8400000e+02  -2.4300000e+02  -4.1600000e+02
   9.3200000e+02   1.2000000e+01  -3.6900000e+02
   1.0470000e+03  -8.0000000e+01   2.1000000e+01
   8.8900000e+02  -1.6300000e+02   2.9900000e+02
   9.7800000e+02  -3.8800000e+02  -1.8200000e+02
   9.2600000e+02  -1.6600000e+02  -1.9600000e+02
   8.8200000e+02  -1.5800000e+02  -3.6300000e+02
   1.0350000e+03   8.4000000e+01  -9.1000000e+01
   9.0900000e+02  -7.1000000e+01  -2.9600000e+02
   8.6600000e+02  -2.1400000e+02   2.3800000e+02
   9.0300000e+02  -1.4700000e+02  -1.3300000e+02
   9.5300000e+02  -2.0300000e+02  -2.9100000e+02
   9.0500000e+02  -1.7700000e+02  -3.5100000e+02
   9.2700000e+02  -1.3200000e+02  -3.8800000e+02
   1.0800000e+03  -3.6500000e+02  -5.2500000e+02
   9.4600000e+02  -7.2000000e+01   7.0000000e+01
   1.0970000e+03  -1.2000000e+02   6.2000000e+01
   8.8800000e+02  -3.7600000e+02  -1.8400000e+02
   9.2500000e+02  -3.0500000e+02  -3.7400000e+02
   9.1900000e+02  -8.4000000e+01  -3.4500000e+02
   1.0810000e+03  -1.4200000e+02  -3.2300000e+02
   1.0800000e+03  -1.8300000e+02  -4.2000000e+02
   8.1300000e+02  -2.0700000e+02   8.9000000e+01
   8.1300000e+02  -2.0700000e+02   8.9000000e+01
   9.5300000e+02  -1.7800000e+02  -2.6600000e+02
   9.2700000e+02  -2.6700000e+02  -3.0100000e+02
   9.0500000e+02  -2.3200000e+02  -4.5200000e+02
   9.4000000e+02   1.5300000e+02  -3.3600000e+02
   1.0110000e+03  -6.8000000e+01  -2.5600000e+02
   8.1500000e+02  -2.0200000e+02   1.7900000e+02
   1.0050000e+03  -1.9000000e+02   1.6000000e+02
   9.5700000e+02  -2.8000000e+02  -2.0700000e+02
   9.5000000e+02  -7.6000000e+01  -2.8000000e+02
   9.7700000e+02  -2.2300000e+02  -4.3300000e+02
   1.0920000e+03  -1.6400000e+02  -6.3600000e+02
   1.0110000e+03   1.2100000e+02   9.9000000e+01
   7.6400000e+02  -1.5000000e+01   6.3000000e+01
   9.9400000e+02  -8.0000000e+01  -2.0800000e+02
   9.2300000e+02  -2.3800000e+02  -3.4600000e+02
   8.9900000e+02  -1.3900000e+02  -3.7100000e+02
   9.4400000e+02  -1.5600000e+02  -3.2200000e+02
   9.8300000e+02  -1.8400000e+02  -4.2600000e+02
   8.3200000e+02  -1.4400000e+02   6.6000000e+01
   8.3200000e+02  -1.4400000e+02   6.6000000e+01
   9.8300000e+02  -1.8200000e+02  -2.5800000e+02
   9.5300000e+02  -1.6200000e+02  -2.9500000e+02
   9.3100000e+02  -2.2600000e+02  -4.3500000e+02
   9.5600000e+02   2.1000000e+01  -2.4600000e+02
   9.8500000e+02  -9.7000000e+01  -2.0500000e+02
   8.5400000e+02  -1.3000000e+02   1.7600000e+02
   8.5400000e+02  -1.3000000e+02   1.7600000e+02
   9.5000000e+02  -3.1300000e+02  -3.2200000e+02
   9.0400000e+02  -1.8700000e+02  -3.3300000e+02
   1.0660000e+03  -1.9000000e+02  -4.5500000e+02
   9.2800000e+02  -6.1000000e+01  -3.4200000e+02
   1.0260000e+03  -2.5800000e+02  -1.7900000e+02
   9.0500000e+02  -1.4500000e+02   1.9100000e+02
   9.0500000e+02  -1.4500000e+02   1.9100000e+02
   9.4400000e+02  -2.6900000e+02  -1.7900000e+02
   9.2800000e+02  -1.1300000e+02  -3.3900000e+02
   8.8900000e+02  -1.3500000e+02  -5.1300000e+02
   9.9600000e+02  -6.3000000e+01  -2.1500000e+02
   1.0030000e+03  -4.6000000e+01  -2.7100000e+02
   7.4800000e+02  -1.4900000e+02  -4.0000000e+00
   7.4800000e+02  -1.4900000e+02  -4.0000000e+00
   9.9200000e+02  -1.0400000e+02  -2.4300000e+02
   9.1600000e+02  -2.0700000e+02  -3.4100000e+02
   9.3600000e+02  -1.6100000e+02  -3.4200000e+02
   1.0370000e+03  -5.4000000e+01  -3.1400000e+02
   1.0370000e+03  -5.4000000e+01  -3.1400000e+02
   8.9400000e+02  -1.1400000e+02   6.1000000e+01
   8.9400000e+02  -1.1400000e+02   6.1000000e+01
   9.0100000e+02  -2.1300000e+02  -3.3200000e+02
   9.8500000e+02  -1.2500000e+02  -2.5600000e+02
   8.7000000e+02  -1.2000000e+02  -4.5300000e+02
   8.9000000e+02  -2.0600000e+02  -3.4700000e+02
   8.9000000e+02  -2.0600000e+02  -3.4700000e+02
   8.6500000e+02  -9.9000000e+01  -4.0000000e+01
   8.6500000e+02  -9.9000000e+01  -4.0000000e+01
   9.2300000e+02  -2.6600000e+02  -1.4900000e+02
   9.6700000e+02  -2.1600000e+02  -2.7100000e+02
   8.8400000e+02  -1.7600000e+02  -4.0100000e+02
   8.5700000e+02   1.3700000e+02  -6.1200000e+02
   8.5700000e+02   1.3700000e+02  -6.1200000e+02
   6.9600000e+02  -1.7200000e+02   1.3000000e+01
   1.0640000e+03  -3.2000000e+01  -1.1900000e+02
   9.2800000e+02  -2.1200000e+02  -3.1500000e+02
   9.1400000e+02  -1.4000000e+02  -3.4400000e+02
   9.8100000e+02  -2.1700000e+02  -4.7000000e+02
   1.0750000e+03  -3.0400000e+02  -5.7100000e+02
   1.0920000e+03   6.9000000e+01   1.2600000e+02
   8.7900000e+02  -7.3000000e+01   2.5000000e+01
