   8.3100000e+02  -4.8000000e+01  -5.0200000e+02
   1.0110000e+03  -4.5000000e+01   3.3200000e+02
   8.4900000e+02  -2.7200000e+02  -3.2000000e+02
   9.4000000e+02  -2.6500000e+02  -3.2900000e+02
   8.9500000e+02  -1.5200000e+02  -3.5700000e+02
   8.9500000e+02  -1.5200000e+02  -3.5700000e+02
   8.3900000e+02  -1.1400000e+02  -3.7000000e+02
   8.0200000e+02  -2.2800000e+02   1.7800000e+02
   1.0350000e+03  -1.4000000e+02   3.8600000e+02
   9.5300000e+02  -1.8200000e+02  -1.7700000e+02
   9.1400000e+02  -1.2100000e+02  -3.4700000e+02
   8.9600000e+02  -3.2200000e+02  -4.1400000e+02
   9.3900000e+02  -1.5300000e+02  -3.9700000e+02
   1.0870000e+03  -1.6900000e+02  -1.1200000e+02
   8.3800000e+02  -1.5700000e+02   2.1000000e+02
   8.9400000e+02  -2.5800000e+02  -1.2600000e+02
   9.1700000e+02  -3.2300000e+02  -3.7400000e+02
   9.5700000e+02  -8.3000000e+01  -2.9300000e+02
   1.0360000e+03  -3.8000000e+01  -2.3300000e+02
   8.7600000e+02  -1.3900000e+02  -5.0400000e+02
   8.0400000e+02  -1.3000000e+02   1.3900000e+02
   1.0940000e+03  -7.7000000e+01   1.2300000e+02
   9.7200000e+02  -2.8600000e+02  -1.6400000e+02
   9.2200000e+02  -1.6300000e+02  -3.1800000e+02
   1.0310000e+03  -1.4200000e+02  -4.5400000e+02
   1.0420000e+03  -3.4600000e+02  -4.6100000e+02
   9.9100000e+02  -6.0000000e+00  -9.4000000e+01
   8.9200000e+02  -9.8000000e+01   2.2100000e+02
   9.8800000e+02  -2.4100000e+02  -1.7600000e+02
   9.2800000e+02  -2.9300000e+02  -3.1700000e+02
   9.0300000e+02  -2.0400000e+02  -3.6200000e+02
   9.0300000e+02  -2.0400000e+02  -3.6200000e+02
   9.0300000e+02  -2.0400000e+02  -3.6200000e+02
   7.4700000e+02  -9.2000000e+01   7.8000000e+01
   1.0250000e+03  -7.3000000e+01  -2.4000000e+01
   9.5700000e+02  -1.2200000e+02  -2.7500000e+02
   9.1400000e+02  -1.7300000e+02  -3.5600000e+02
   1.0530000e+03  -1.4600000e+02  -2.7200000e+02
   1.0560000e+03   7.7000000e+01  -4.3900000e+02
   7.7600000e+02  -2.8900000e+02  -6.4000000e+01
   7.7600000e+02  -2.8900000e+02  -6.4000000e+01
   9.8200000e+02  -2.6200000e+02  -1.6500000e+02
   1.0250000e+03  -1.1900000e+02  -1.9200000e+02
   9.6600000e+02  -2.8800000e+02  -4.6300000e+02
   9.7000000e+02  -2.3300000e+02  -5.3500000e+02
   1.0500000e+03  -8.1000000e+01  -5.0000000e+01
   8.8700000e+02  -1.9700000e+02   2.8800000e+02
   1.0060000e+03  -7.2000000e+01  -2.7400000e+02
   8.8500000e+02  -2.6900000e+02  -4.0500000e+02
   8.6100000e+02  -3.2000000e+02  -3.9000000e+02
   8.6100000e+02  -3.2000000e+02  -3.9000000e+02
   1.0160000e+03   8.2000000e+01  -3.3200000e+02
   7.2600000e+02  -2.0100000e+02  -2.5000000e+01
   7.2600000e+02  -2.0100000e+02  -2.5000000e+01
   9.4600000e+02  -1.7500000e+02  -2.4600000e+02
   9.4200000e+02  -1.3800000e+02  -2.7600000e+02
   9.3100000e+02  -2.0600000e+02  -5.9400000e+02
   9.5500000e+02  -3.1400000e+02  -2.9800000e+02
   1.0840000e+03   1.4000000e+01  -8.2000000e+01
   9.1800000e+02  -1.6200000e+02   2.0100000e+02
   9.4400000e+02  -2.2400000e+02  -2.7500000e+02
   9.5000000e+02  -2.2700000e+02  -3.4000000e+02
   9.0400000e+02  -1.8900000e+02  -3.5200000e+02
   8.8500000e+02  -1.8300000e+02  -4.4500000e+02
   8.1400000e+02  -1.1300000e+02  -1.6200000e+02
   8.1400000e+02  -1.1300000e+02  -1.6200000e+02
   1.0350000e+03  -1.6900000e+02  -2.3000000e+02
   9.3700000e+02  -1.4600000e+02  -2.6500000e+02
   9.1500000e+02  -1.7300000e+02  -4.5400000e+02
   7.7400000e+02   1.7500000e+02  -1.5300000e+02
   9.6300000e+02  -9.9000000e+01  -2.7800000e+02
   7.3400000e+02  -9.3000000e+01   1.0800000e+02
   8.5800000e+02  -1.9800000e+02  -1.5800000e+02
   9.4400000e+02  -2.0400000e+02  -2.7500000e+02
   9.2400000e+02  -1.5700000e+02  -3.6700000e+02
   1.0740000e+03  -3.3400000e+02  -3.3700000e+02
   9.8200000e+02  -4.4000000e+01  -4.2500000e+02
   8.3800000e+02  -3.2000000e+01   1.0400000e+02
   8.3800000e+02  -3.2000000e+01   1.0400000e+02
   1.0380000e+03  -2.5500000e+02  -1.5000000e+02
   9.3700000e+02  -1.5400000e+02  -2.9700000e+02
   9.1800000e+02  -2.1400000e+02  -3.4100000e+02
   9.1800000e+02  -2.1400000e+02  -3.4100000e+02
   9.1400000e+02  -2.9000000e+01  -2.8900000e+02
   9.4800000e+02  -7.4000000e+01   2.3200000e+02
   9.8600000e+02  -7.9000000e+01  -3.9800000e+02
   9.1600000e+02  -2.8200000e+02  -3.0300000e+02
   8.7000000e+02  -1.6200000e+02  -4.4700000e+02
   1.0980000e+03  -4.9000000e+01  -2.8900000e+02
   1.0050000e+03  -2.5000000e+01  -4.3300000e+02
   8.0100000e+02  -2.0100000e+02   8.4000000e+01
   8.0100000e+02  -2.0100000e+02   8.4000000e+01
   9.2300000e+02  -2.1500000e+02  -2.4500000e+02
   9.1300000e+02  -1.9500000e+02  -3.3800000e+02
   9.8800000e+02  -3.2000000e+02  -4.7800000e+02
   1.0220000e+03  -2.8000000e+02  -5.6400000e+02
