   8.5900000e+02  -1.8900000e+02  -5.2800000e+02
   8.0100000e+02  -1.0000000e+00  -4.5700000e+02
   1.0620000e+03  -2.2000000e+01  -2.1800000e+02
   5.6400000e+02  -9.8000000e+01  -3.6000000e+01
   1.0320000e+03   1.5700000e+02   1.8500000e+02
   1.0630000e+03  -3.7000000e+02  -1.4000000e+01
   9.3000000e+02  -2.2700000e+02  -3.2100000e+02
   9.4400000e+02  -1.6500000e+02  -3.9800000e+02
   9.6300000e+02  -4.0000000e+00  -3.5400000e+02
   1.0040000e+03  -1.9200000e+02  -2.4900000e+02
   9.2400000e+02  -9.0000000e+00   3.1200000e+02
   9.4400000e+02   5.0000000e+00  -1.0300000e+02
   9.1300000e+02  -3.4700000e+02  -5.7000000e+01
   9.2800000e+02  -1.2900000e+02  -3.4700000e+02
   8.5100000e+02  -1.9700000e+02  -4.3300000e+02
   9.3800000e+02  -7.5000000e+01  -2.9600000e+02
   9.8300000e+02  -7.4000000e+01  -2.1700000e+02
   9.9700000e+02  -1.5400000e+02   4.4700000e+02
   1.0060000e+03  -1.0600000e+02  -3.8800000e+02
   8.8600000e+02  -2.8800000e+02  -3.5700000e+02
   9.2700000e+02  -1.4700000e+02  -2.9000000e+02
   9.9400000e+02  -1.5000000e+02  -2.9500000e+02
   9.9400000e+02  -1.5000000e+02  -2.9500000e+02
   8.3300000e+02  -2.0700000e+02   1.8000000e+01
   8.3300000e+02  -2.0700000e+02   1.8000000e+01
   9.6600000e+02  -2.1700000e+02  -2.4400000e+02
   8.8500000e+02  -3.0000000e+02  -3.2400000e+02
   8.9900000e+02  -1.4700000e+02  -3.3600000e+02
   8.9900000e+02  -1.4700000e+02  -3.3600000e+02
   9.5900000e+02   3.8000000e+01  -4.0200000e+02
   7.6300000e+02  -2.2700000e+02   1.0300000e+02
   7.6300000e+02  -2.2700000e+02   1.0300000e+02
   9.1700000e+02  -1.7600000e+02  -2.6700000e+02
   9.0600000e+02  -3.1200000e+02  -3.0900000e+02
   8.9800000e+02  -2.1100000e+02  -4.5200000e+02
   8.7600000e+02  -2.8900000e+02  -4.0600000e+02
   1.0560000e+03  -6.0000000e+01  -1.4300000e+02
   9.9800000e+02  -7.1000000e+01   3.3100000e+02
   8.1400000e+02  -6.4000000e+01  -2.2400000e+02
   8.7700000e+02  -2.4700000e+02  -3.3400000e+02
   8.9600000e+02  -1.7300000e+02  -3.7000000e+02
   1.0710000e+03  -1.8600000e+02  -5.1000000e+02
   1.0710000e+03  -1.8600000e+02  -5.1000000e+02
   8.8200000e+02  -2.3000000e+01   3.7000000e+01
   8.8200000e+02  -2.3000000e+01   3.7000000e+01
   8.9300000e+02  -2.6300000e+02  -2.7900000e+02
   9.8800000e+02  -1.9900000e+02  -2.9000000e+02
   8.9500000e+02  -1.2600000e+02  -3.6700000e+02
   1.0500000e+03   1.3500000e+02  -1.0500000e+02
   1.0160000e+03  -4.4000000e+01  -2.4700000e+02
   7.5500000e+02  -1.7000000e+02   1.3100000e+02
   7.5500000e+02  -1.7000000e+02   1.3100000e+02
   9.6300000e+02  -2.9200000e+02  -2.3100000e+02
   9.7400000e+02  -2.0200000e+02  -2.2600000e+02
   9.2000000e+02  -4.2200000e+02  -4.2800000e+02
   1.0010000e+03   1.9100000e+02  -3.5700000e+02
   1.0010000e+03   1.9100000e+02  -3.5700000e+02
   9.0000000e+02  -1.3300000e+02   2.7900000e+02
   9.0000000e+02  -1.3300000e+02   2.7900000e+02
   9.2900000e+02  -1.8300000e+02  -2.6000000e+02
   8.7800000e+02  -1.7400000e+02  -3.7900000e+02
   8.7800000e+02  -1.7400000e+02  -3.7900000e+02
   9.8400000e+02  -3.6000000e+02  -5.2600000e+02
   9.6900000e+02   4.0000000e+01   1.9000000e+01
   8.5000000e+02  -9.0000000e+00   4.5000000e+01
   9.6000000e+02  -2.9500000e+02  -1.1100000e+02
   8.7900000e+02  -2.4100000e+02  -4.3800000e+02
   9.1400000e+02  -6.0000000e+01  -3.6600000e+02
   9.3500000e+02   0.0000000e+00  -2.7800000e+02
   8.9500000e+02  -6.3000000e+01  -3.9700000e+02
   7.3600000e+02  -1.7500000e+02  -1.3700000e+02
   7.3600000e+02  -1.7500000e+02  -1.3700000e+02
   8.8600000e+02  -2.3200000e+02  -2.2300000e+02
   8.7400000e+02  -1.6600000e+02  -3.9900000e+02
   9.4400000e+02  -3.1600000e+02  -4.5300000e+02
   9.9000000e+02  -3.6700000e+02  -4.4400000e+02
   1.0360000e+03  -1.5000000e+01   3.7000000e+01
   8.4000000e+02  -1.1000000e+02   3.2500000e+02
   9.0900000e+02   1.5600000e+02  -1.7600000e+02
   9.0600000e+02  -1.7300000e+02  -3.3900000e+02
   8.8800000e+02  -2.0900000e+02  -3.0300000e+02
   1.0840000e+03  -9.4000000e+01  -4.0500000e+02
   1.0540000e+03  -3.4000000e+01  -4.9800000e+02
   7.7400000e+02  -1.5100000e+02  -2.0000000e+00
   7.7400000e+02  -1.5100000e+02  -2.0000000e+00
   1.0320000e+03  -3.4000000e+02  -6.6000000e+01
   8.8800000e+02  -1.7700000e+02  -3.3500000e+02
   9.4400000e+02  -1.4100000e+02  -3.5100000e+02
   1.0430000e+03  -7.9000000e+01  -1.8200000e+02
   9.2900000e+02   2.4000000e+01  -2.6500000e+02
   6.9300000e+02  -2.4900000e+02   5.3000000e+01
   1.0310000e+03  -8.2000000e+01   1.0900000e+02
   9.3600000e+02  -1.7800000e+02  -1.1700000e+02
   9.0700000e+02  -1.4100000e+02  -3.4600000e+02
   1.0200000e+03  -2.9400000e+02  -4.7200000e+02
   1.0490000e+03  -3.2200000e+02  -5.5400000e+02
