   1.0150000e+03  -1.3100000e+02  -1.7700000e+02
   1.0500000e+03  -1.0200000e+02   3.4600000e+02
   1.0080000e+03  -2.2500000e+02  -6.0000000e+00
   9.3700000e+02  -2.0700000e+02  -3.2400000e+02
   9.0200000e+02  -1.9400000e+02  -3.7900000e+02
   1.0320000e+03   1.9000000e+01  -3.5500000e+02
   9.9900000e+02  -2.9700000e+02  -9.4000000e+01
   1.0380000e+03  -1.2300000e+02   3.5600000e+02
   9.9800000e+02  -1.6000000e+02  -2.7200000e+02
   9.4100000e+02  -2.3600000e+02  -3.4800000e+02
   9.0100000e+02  -8.6000000e+01  -4.1900000e+02
   9.1400000e+02   1.7400000e+02  -1.9400000e+02
   1.0000000e+03  -6.2000000e+01  -1.3200000e+02
   8.8900000e+02  -1.2600000e+02   4.0100000e+02
   9.3500000e+02  -1.9300000e+02  -2.0700000e+02
   9.2100000e+02  -2.6100000e+02  -3.5300000e+02
   9.5100000e+02  -1.8900000e+02  -3.7500000e+02
   1.0320000e+03  -2.6600000e+02  -5.6800000e+02
   1.0160000e+03  -9.5000000e+01  -3.1000000e+01
   8.5500000e+02  -7.5000000e+01   1.2400000e+02
   1.0640000e+03  -1.0800000e+02  -1.0000000e+02
   8.8100000e+02  -1.9300000e+02  -3.8500000e+02
   1.0360000e+03  -2.8200000e+02  -3.9300000e+02
   1.0360000e+03  -2.8200000e+02  -3.9300000e+02
   8.0100000e+02  -1.5500000e+02   7.8000000e+01
   8.0100000e+02  -1.5500000e+02   7.8000000e+01
   9.9700000e+02  -1.8000000e+02  -2.1300000e+02
   9.2400000e+02  -2.0000000e+02  -2.9900000e+02
   1.0630000e+03  -3.0700000e+02  -2.9800000e+02
   1.0630000e+03  -3.0700000e+02  -2.9800000e+02
   7.9200000e+02  -2.5300000e+02   7.5000000e+01
   7.9200000e+02  -2.5300000e+02   7.5000000e+01
   9.9100000e+02  -1.0500000e+02  -1.7800000e+02
   8.9000000e+02  -1.5700000e+02  -3.1500000e+02
   1.0160000e+03  -1.5900000e+02  -3.1700000e+02
   9.7500000e+02  -3.3000000e+01  -4.3400000e+02
   7.0400000e+02  -3.1000000e+02   1.6400000e+02
   8.7100000e+02  -3.2600000e+02  -1.9600000e+02
   9.1700000e+02  -1.6000000e+02  -3.2300000e+02
   8.9100000e+02  -2.4300000e+02  -3.9500000e+02
   8.9100000e+02  -2.4300000e+02  -3.9500000e+02
   9.1800000e+02  -2.5000000e+01  -3.1900000e+02
   9.6700000e+02  -3.9000000e+01   2.7900000e+02
   1.0170000e+03  -1.0400000e+02  -3.2500000e+02
   9.4600000e+02  -2.1600000e+02  -3.7900000e+02
   8.3800000e+02  -2.2500000e+02  -4.1500000e+02
   9.4400000e+02   1.6100000e+02  -1.7300000e+02
   9.9500000e+02  -1.9200000e+02  -1.7900000e+02
   8.5700000e+02  -2.2900000e+02   1.6900000e+02
   9.6800000e+02  -2.7000000e+02  -2.6600000e+02
   8.8600000e+02  -3.0400000e+02  -3.6200000e+02
   8.7900000e+02  -9.1000000e+01  -4.8300000e+02
   9.1400000e+02  -2.0800000e+02  -5.4500000e+02
   1.0060000e+03  -1.4100000e+02  -2.6300000e+02
   9.3000000e+02  -1.9600000e+02   3.6300000e+02
   1.0150000e+03  -2.4900000e+02  -3.9700000e+02
   8.0300000e+02  -1.9200000e+02  -3.5600000e+02
   9.6700000e+02  -2.1400000e+02  -4.9700000e+02
   9.6900000e+02  -2.5200000e+02  -4.7700000e+02
   1.0670000e+03   5.9000000e+01  -4.7000000e+01
   9.1300000e+02  -1.8000000e+02   3.6300000e+02
   8.6500000e+02  -1.0100000e+02  -2.6000000e+02
   9.1700000e+02  -2.1600000e+02  -3.3100000e+02
   9.8300000e+02  -1.6800000e+02  -4.1300000e+02
   9.7000000e+02  -3.3900000e+02  -4.1300000e+02
   9.3900000e+02  -1.6000000e+01  -8.0000000e+00
   7.4200000e+02  -8.5000000e+01   5.3000000e+01
   9.2800000e+02  -2.4900000e+02  -1.7400000e+02
   9.0900000e+02  -2.7400000e+02  -3.0000000e+02
   9.1400000e+02  -1.4300000e+02  -4.6200000e+02
   8.5000000e+02  -2.3300000e+02  -5.6600000e+02
   1.0050000e+03  -1.6000000e+02   3.7000000e+01
   9.9400000e+02  -2.3600000e+02   4.1500000e+02
   9.7500000e+02  -3.3200000e+02  -9.0000000e+01
   9.8500000e+02  -1.9800000e+02  -2.3300000e+02
   9.8500000e+02  -1.9800000e+02  -2.3300000e+02
   9.8500000e+02  -3.9400000e+02  -4.9100000e+02
   8.3200000e+02  -1.9300000e+02   3.1000000e+01
   8.3200000e+02  -1.9300000e+02   3.1000000e+01
   9.6700000e+02  -1.2500000e+02  -2.0000000e+02
   9.1200000e+02  -1.9700000e+02  -2.7400000e+02
   9.1200000e+02  -1.9700000e+02  -2.7400000e+02
   1.0940000e+03   1.0700000e+02  -5.7400000e+02
   8.9600000e+02  -2.8400000e+02   1.1800000e+02
   9.8600000e+02   5.9000000e+01   1.7400000e+02
   9.3200000e+02  -1.3500000e+02  -2.4300000e+02
   9.1600000e+02  -1.5000000e+02  -3.4400000e+02
   1.0560000e+03   8.1000000e+01  -1.2000000e+02
   9.0900000e+02  -5.7000000e+01  -3.3500000e+02
   8.2100000e+02  -2.0200000e+02   3.6600000e+02
   9.4100000e+02  -4.4800000e+02  -3.1200000e+02
   9.1100000e+02  -2.3600000e+02  -3.1400000e+02
   9.0600000e+02  -1.1300000e+02  -3.5300000e+02
   8.8100000e+02   2.6500000e+02  -4.9000000e+01
   9.1100000e+02  -2.5000000e+01  -1.7500000e+02
   8.9800000e+02  -6.0000000e+01   3.2000000e+02
