   9.9100000e+02   1.6200000e+02  -1.4100000e+02
   7.6900000e+02  -1.8000000e+01  -2.0700000e+02
   6.5100000e+02  -5.4000000e+01  -1.4400000e+02
   8.6500000e+02  -4.3200000e+02  -2.1000000e+02
   8.8600000e+02  -1.9900000e+02  -3.6600000e+02
   1.0930000e+03  -3.2800000e+02  -4.2100000e+02
   1.0930000e+03  -3.2800000e+02  -4.2100000e+02
   8.1900000e+02  -1.3500000e+02   1.4000000e+01
   8.1900000e+02  -1.3500000e+02   1.4000000e+01
   9.6100000e+02  -8.7000000e+01  -2.0700000e+02
   9.0200000e+02  -7.5000000e+01  -3.4500000e+02
   9.0200000e+02  -7.5000000e+01  -3.4500000e+02
   8.5200000e+02  -4.9000000e+01  -3.1100000e+02
   1.0660000e+03  -1.8100000e+02   4.5700000e+02
   8.6500000e+02  -2.1700000e+02  -4.7200000e+02
   8.9900000e+02  -1.3800000e+02  -3.9900000e+02
   9.5500000e+02  -2.1100000e+02  -4.2600000e+02
   1.0720000e+03  -3.3000000e+01   8.4000000e+01
   7.4900000e+02  -2.7000000e+01   1.4800000e+02
   9.9500000e+02  -1.5900000e+02  -1.8200000e+02
   9.1400000e+02  -2.0200000e+02  -3.4200000e+02
   9.4000000e+02  -2.1300000e+02  -4.2100000e+02
   1.0190000e+03  -2.5900000e+02  -4.9300000e+02
   9.4600000e+02  -3.3000000e+01   7.5000000e+01
   8.0800000e+02  -4.3000000e+01  -7.5000000e+01
   8.5900000e+02  -3.6000000e+02  -2.8200000e+02
   9.4900000e+02  -2.7900000e+02  -2.7900000e+02
   8.8700000e+02  -2.0600000e+02  -3.9800000e+02
   9.6300000e+02  -3.6700000e+02  -4.4800000e+02
   9.5700000e+02  -1.4000000e+02   7.0000000e+00
   9.2000000e+02  -6.6000000e+01   4.4000000e+01
   8.7600000e+02  -3.5400000e+02  -2.7200000e+02
   9.4000000e+02  -2.1100000e+02  -2.5200000e+02
   1.0810000e+03  -3.6600000e+02  -3.8800000e+02
   1.0540000e+03  -1.7400000e+02  -4.6900000e+02
   7.9800000e+02  -2.3000000e+02   1.0800000e+02
   7.9800000e+02  -2.3000000e+02   1.0800000e+02
   8.9700000e+02  -2.1000000e+02  -3.0900000e+02
   9.4100000e+02  -1.6600000e+02  -2.6700000e+02
   9.4100000e+02  -1.6600000e+02  -2.6700000e+02
   9.0100000e+02  -1.2600000e+02  -4.5900000e+02
   7.7500000e+02  -2.7300000e+02   2.7000000e+02
   9.2500000e+02  -1.8900000e+02  -4.3300000e+02
   8.2600000e+02  -1.9300000e+02  -4.2200000e+02
   9.9800000e+02  -4.9000000e+01  -1.2400000e+02
   8.8500000e+02  -2.0600000e+02  -3.3200000e+02
   8.8700000e+02  -1.8800000e+02   2.4500000e+02
   9.2300000e+02  -4.5100000e+02  -2.3700000e+02
   9.8800000e+02  -8.9000000e+01  -2.7300000e+02
   1.0040000e+03  -2.0000000e+02  -4.2600000e+02
   1.0900000e+03  -3.9800000e+02  -5.5800000e+02
   8.3400000e+02   1.0000000e+00  -7.4000000e+01
   8.3400000e+02   1.0000000e+00  -7.4000000e+01
   9.4200000e+02  -7.6000000e+01  -3.4800000e+02
   9.3300000e+02  -1.3200000e+02  -3.3700000e+02
   1.0470000e+03  -2.9800000e+02  -3.9000000e+02
   1.0180000e+03   5.4000000e+01  -4.3800000e+02
   7.7600000e+02  -1.1000000e+02   7.6000000e+01
   8.3800000e+02  -1.3500000e+02  -5.0000000e+01
   9.3600000e+02  -2.6100000e+02  -3.7400000e+02
   9.1800000e+02  -1.0700000e+02  -3.7000000e+02
   1.0910000e+03   1.7000000e+01  -3.6800000e+02
   8.7900000e+02  -4.2000000e+01  -1.0800000e+02
   7.5000000e+02  -1.4300000e+02   1.9000000e+01
   1.0290000e+03  -1.3700000e+02  -1.8900000e+02
   8.8600000e+02  -2.8200000e+02  -2.7100000e+02
   9.8300000e+02  -1.6800000e+02  -3.7300000e+02
   9.8300000e+02  -1.6800000e+02  -3.7300000e+02
   9.2700000e+02  -1.3300000e+02   2.6700000e+02
   9.2700000e+02  -1.3300000e+02   2.6700000e+02
   9.6900000e+02  -1.2600000e+02  -2.5100000e+02
   8.9700000e+02  -2.3600000e+02  -3.5900000e+02
   1.0470000e+03  -7.1000000e+01  -2.0300000e+02
   8.9300000e+02  -1.1900000e+02  -4.2000000e+02
   7.5100000e+02  -2.2600000e+02   2.9400000e+02
   8.4900000e+02  -3.0700000e+02  -9.6000000e+01
   9.1400000e+02  -1.8400000e+02  -3.3100000e+02
   9.0300000e+02  -1.8200000e+02  -3.5700000e+02
   8.9000000e+02   1.8900000e+02  -1.1800000e+02
   8.9400000e+02   5.0000000e+01  -1.6100000e+02
   6.7700000e+02  -1.4900000e+02  -3.1000000e+01
   8.9300000e+02  -3.8000000e+02  -1.7300000e+02
   8.6100000e+02  -2.4100000e+02  -3.5600000e+02
   1.0180000e+03  -1.8700000e+02  -4.2200000e+02
   1.1000000e+03  -3.6300000e+02  -5.7100000e+02
   8.7700000e+02  -2.2000000e+01   7.5000000e+01
   8.7700000e+02  -2.2000000e+01   7.5000000e+01
   9.6900000e+02  -1.5200000e+02  -2.1400000e+02
   9.2900000e+02  -1.5900000e+02  -3.3800000e+02
   1.0800000e+03  -3.0300000e+02  -4.5500000e+02
   1.0800000e+03  -3.0300000e+02  -4.5500000e+02
   8.1200000e+02  -1.0700000e+02   3.4000000e+01
   8.1200000e+02  -1.0700000e+02   3.4000000e+01
   9.8300000e+02  -1.9500000e+02  -2.1000000e+02
   9.4500000e+02  -1.3200000e+02  -3.0300000e+02
   1.0140000e+03  -3.3000000e+02  -4.7400000e+02
