   9.7000000e+02  -3.4700000e+02  -4.3300000e+02
   1.0470000e+03  -5.6000000e+01   1.5000000e+01
   1.0540000e+03  -1.2700000e+02   4.2800000e+02
   9.2700000e+02  -2.6500000e+02  -1.2400000e+02
   9.4200000e+02  -2.2900000e+02  -3.1100000e+02
   8.2500000e+02  -7.6000000e+01  -5.1800000e+02
   9.2100000e+02   4.3000000e+01  -3.7000000e+02
   9.8200000e+02  -2.1200000e+02  -8.4000000e+01
   9.4600000e+02  -1.2600000e+02   3.4100000e+02
   9.8500000e+02  -1.5200000e+02  -2.8000000e+01
   8.8000000e+02  -1.6800000e+02  -3.6000000e+02
   8.6500000e+02  -2.1000000e+02  -2.7800000e+02
   9.3600000e+02   5.8000000e+01  -1.9300000e+02
   1.0810000e+03  -4.1000000e+01  -3.4800000e+02
   7.6200000e+02  -6.1000000e+01   6.0000000e+01
   1.0780000e+03  -8.6000000e+01   2.8900000e+02
   9.4600000e+02  -2.1500000e+02  -2.2700000e+02
   9.2900000e+02  -1.6700000e+02  -3.0800000e+02
   1.0610000e+03  -4.3400000e+02  -3.6800000e+02
   9.9800000e+02  -3.0300000e+02  -3.8800000e+02
   9.1500000e+02   5.9000000e+01  -5.0000000e+00
   7.5900000e+02  -4.1000000e+01  -6.2000000e+01
   8.9800000e+02  -3.4000000e+02  -2.3500000e+02
   9.2700000e+02  -2.3700000e+02  -3.3700000e+02
   9.0000000e+02  -1.9200000e+02  -4.6900000e+02
   8.7800000e+02  -1.9000000e+02  -4.5000000e+02
   1.0510000e+03  -1.1700000e+02  -1.7000000e+01
   8.4700000e+02  -1.3300000e+02   2.0700000e+02
   1.0920000e+03  -7.4000000e+01  -3.0600000e+02
   9.1600000e+02  -2.4400000e+02  -3.0600000e+02
   8.6800000e+02  -1.6500000e+02  -4.2600000e+02
   8.9500000e+02  -1.3100000e+02  -4.9000000e+01
   9.6500000e+02   4.7000000e+01  -3.4900000e+02
   7.6800000e+02  -2.1300000e+02   5.7000000e+01
   8.9100000e+02  -2.7800000e+02   1.0300000e+02
   9.4000000e+02  -1.5300000e+02  -3.2000000e+02
   9.4000000e+02  -1.5300000e+02  -3.2000000e+02
   1.1150000e+03  -1.2600000e+02  -3.5400000e+02
   1.0870000e+03  -1.7000000e+01  -4.6200000e+02
   7.6700000e+02  -2.9500000e+02   1.7300000e+02
   1.0860000e+03   6.0000000e+01   2.6000000e+02
   1.0090000e+03  -1.3000000e+02  -1.6300000e+02
   8.5300000e+02  -2.2000000e+02  -3.8600000e+02
   1.0240000e+03  -2.8600000e+02  -5.0800000e+02
   1.0340000e+03  -1.6900000e+02  -5.4000000e+02
   8.6500000e+02  -9.5000000e+01   1.1000000e+01
   1.0840000e+03  -1.3800000e+02   2.5000000e+02
   9.4800000e+02  -2.3700000e+02  -1.3000000e+01
   9.7500000e+02  -1.8900000e+02  -2.6000000e+02
   1.0200000e+03  -4.4000000e+01  -4.1900000e+02
   8.8400000e+02  -2.2600000e+02  -4.4700000e+02
   9.1400000e+02  -1.2200000e+02  -1.0900000e+02
   8.7400000e+02  -2.5000000e+02   3.6200000e+02
   1.0430000e+03  -3.0000000e+00  -1.9500000e+02
   9.5500000e+02  -1.2700000e+02  -3.6100000e+02
   9.2400000e+02  -1.0700000e+02  -4.4900000e+02
   9.4700000e+02  -6.3500000e+02  -4.6300000e+02
   1.0640000e+03  -1.8100000e+02  -1.3800000e+02
   9.1500000e+02  -1.7900000e+02   1.1100000e+02
   9.0000000e+02  -2.1500000e+02   4.4000000e+01
   9.2300000e+02  -2.4600000e+02  -3.6900000e+02
   9.1000000e+02  -1.4000000e+02  -3.0600000e+02
   9.3500000e+02   1.0500000e+02  -1.6200000e+02
   9.7700000e+02  -9.2000000e+01  -3.2700000e+02
   7.1700000e+02  -1.0000000e+02   3.6000000e+01
   9.3000000e+02  -2.8800000e+02  -1.3300000e+02
   9.5300000e+02  -1.4400000e+02  -2.4900000e+02
   9.2800000e+02  -2.0900000e+02  -3.4100000e+02
   9.7000000e+02   2.9100000e+02  -1.5000000e+01
   9.0000000e+02   1.0000000e+01  -3.4100000e+02
   8.2700000e+02  -1.4900000e+02   2.0300000e+02
   8.7700000e+02  -1.5600000e+02  -1.4200000e+02
   9.7500000e+02  -3.1500000e+02  -3.2000000e+02
   8.9200000e+02  -9.3000000e+01  -4.5800000e+02
   9.6200000e+02   3.6000000e+02   6.8000000e+01
   9.0600000e+02  -1.9100000e+02  -1.9300000e+02
   7.8800000e+02  -1.6200000e+02   2.4000000e+02
   8.8300000e+02  -2.0900000e+02  -8.0000000e+01
   8.8700000e+02  -1.9200000e+02  -2.1300000e+02
   9.1700000e+02  -1.9700000e+02  -3.1900000e+02
   1.0390000e+03  -9.4000000e+01  -2.7800000e+02
   1.0510000e+03   2.9000000e+01  -4.1500000e+02
   7.7600000e+02  -1.8800000e+02   7.0000000e+01
   1.0340000e+03   7.0000000e+01   1.3300000e+02
   9.5800000e+02  -1.5200000e+02  -1.9100000e+02
   9.2000000e+02  -1.8900000e+02  -2.8600000e+02
   1.0340000e+03  -2.7800000e+02  -4.3500000e+02
   9.0400000e+02  -1.8900000e+02  -4.6200000e+02
   1.0060000e+03  -2.5400000e+02  -8.1000000e+01
   1.0320000e+03  -2.9000000e+02   5.0400000e+02
   9.8100000e+02   4.0000000e+00  -1.5600000e+02
   9.1400000e+02  -2.0600000e+02  -3.2600000e+02
   9.0100000e+02  -1.8100000e+02  -4.0000000e+02
   1.0450000e+03  -5.0000000e+00  -1.8300000e+02
   9.2600000e+02   4.6000000e+01  -3.0400000e+02
   8.0700000e+02  -1.8300000e+02   1.7600000e+02
