   8.9300000e+02  -1.5300000e+02  -5.1400000e+02
   1.0500000e+03  -1.5100000e+02  -8.6000000e+01
   1.0790000e+03  -1.3000000e+02   4.6100000e+02
   9.0400000e+02  -1.9200000e+02  -1.0000000e+01
   9.9700000e+02  -1.5300000e+02  -2.0900000e+02
   9.1500000e+02  -1.8100000e+02  -2.3900000e+02
   1.0210000e+03   2.4600000e+02  -1.7000000e+01
   9.5100000e+02  -4.5000000e+01  -2.3100000e+02
   8.6900000e+02  -2.0500000e+02   2.9000000e+02
   8.2400000e+02  -3.9900000e+02  -2.7300000e+02
   9.4800000e+02  -2.1000000e+02  -2.7100000e+02
   8.8800000e+02  -1.8000000e+02  -3.0800000e+02
   1.0910000e+03  -4.6000000e+01  -3.1800000e+02
   1.0190000e+03  -1.4100000e+02  -3.6300000e+02
   7.6000000e+02  -2.2000000e+02   5.7000000e+01
   7.6000000e+02  -2.2000000e+02   5.7000000e+01
   9.4900000e+02  -1.7500000e+02  -3.0700000e+02
   8.9700000e+02  -2.0200000e+02  -3.5300000e+02
   8.9700000e+02  -2.0200000e+02  -3.5300000e+02
   9.6000000e+02  -4.5000000e+01  -3.8700000e+02
   6.9400000e+02  -1.4100000e+02   2.5000000e+01
   7.9400000e+02  -2.8700000e+02   9.9000000e+01
   9.3500000e+02  -2.3500000e+02  -2.4000000e+02
   9.6700000e+02  -1.8000000e+02  -2.2300000e+02
   9.6700000e+02  -1.8000000e+02  -2.2300000e+02
   9.6400000e+02  -3.0000000e+01  -4.8700000e+02
   8.4300000e+02  -2.2500000e+02  -2.0000000e+01
   8.4300000e+02  -2.2500000e+02  -2.0000000e+01
   9.4600000e+02  -1.8500000e+02  -1.3900000e+02
   9.1400000e+02  -1.5800000e+02  -3.2200000e+02
   1.0120000e+03  -2.5700000e+02  -3.7200000e+02
   1.0640000e+03  -1.3300000e+02  -5.2300000e+02
   8.9800000e+02  -1.6900000e+02   6.2000000e+01
   8.9800000e+02  -1.6900000e+02   6.2000000e+01
   1.0110000e+03  -1.8600000e+02  -1.1100000e+02
   9.4600000e+02  -1.6400000e+02  -3.0100000e+02
   1.0390000e+03  -2.7900000e+02  -3.9400000e+02
   1.0390000e+03  -2.7900000e+02  -3.9400000e+02
   1.0160000e+03  -4.0000000e+01   2.0000000e+02
   1.0160000e+03  -4.0000000e+01   2.0000000e+02
   8.8900000e+02  -3.3800000e+02  -2.1200000e+02
   9.1900000e+02  -1.7000000e+02  -3.2300000e+02
   9.1400000e+02  -2.1900000e+02  -4.6500000e+02
   9.3600000e+02  -2.3000000e+02  -5.2000000e+02
   1.0320000e+03  -3.7000000e+01   2.1000000e+01
   8.1900000e+02  -1.5700000e+02   1.5800000e+02
   9.6400000e+02  -2.2900000e+02  -2.3000000e+02
   9.5300000e+02  -2.0800000e+02  -2.7400000e+02
   1.0210000e+03  -2.7500000e+02  -4.7500000e+02
   1.0210000e+03  -2.7500000e+02  -4.7500000e+02
   9.8400000e+02   6.6000000e+01   1.9500000e+02
   7.2500000e+02  -1.2200000e+02  -9.2000000e+01
   9.3600000e+02  -2.8800000e+02  -2.6600000e+02
   9.9000000e+02  -1.9600000e+02  -4.4800000e+02
   9.0100000e+02  -5.0000000e+02  -5.2100000e+02
   1.0310000e+03  -2.8700000e+02  -1.0300000e+02
   8.0300000e+02  -2.1900000e+02   9.3000000e+01
   8.9700000e+02  -3.1700000e+02  -8.2000000e+01
   8.9900000e+02  -1.3200000e+02  -4.2400000e+02
   8.8200000e+02  -1.2100000e+02  -5.1400000e+02
   9.0400000e+02   1.4100000e+02  -3.1000000e+01
   9.9900000e+02  -2.9200000e+02  -3.3300000e+02
   8.6400000e+02  -1.3200000e+02   2.0300000e+02
   8.6400000e+02  -1.3200000e+02   2.0300000e+02
   8.9600000e+02  -2.2400000e+02  -3.9100000e+02
   8.5800000e+02  -2.0300000e+02  -4.7300000e+02
   1.0840000e+03  -1.2200000e+02  -1.4400000e+02
   9.9800000e+02  -5.9000000e+01  -4.1100000e+02
   7.9000000e+02  -2.0700000e+02   1.9800000e+02
   9.7900000e+02  -4.2800000e+02  -2.1400000e+02
   9.3300000e+02  -2.0600000e+02  -2.7400000e+02
   9.1000000e+02  -1.5100000e+02  -3.8700000e+02
   9.1000000e+02  -1.5100000e+02  -3.8700000e+02
   8.4700000e+02  -5.0000000e+01  -3.5800000e+02
   9.2600000e+02   8.3000000e+01   2.1500000e+02
   1.0510000e+03   6.5000000e+01  -3.2700000e+02
   8.7600000e+02  -2.7800000e+02  -3.0200000e+02
   9.2700000e+02  -2.3900000e+02  -4.5500000e+02
   9.4100000e+02  -3.0400000e+02  -4.6200000e+02
   8.8600000e+02   1.0000000e+00  -2.4000000e+01
   6.5300000e+02   2.4700000e+02  -2.1100000e+02
   8.9000000e+02  -4.0400000e+02  -2.6800000e+02
   9.2300000e+02  -1.9200000e+02  -2.9000000e+02
   9.9000000e+02  -3.6900000e+02  -5.2500000e+02
   9.9000000e+02  -3.6900000e+02  -5.2500000e+02
   8.9700000e+02   9.1000000e+01   1.3500000e+02
   8.9700000e+02   9.1000000e+01   1.3500000e+02
   9.9600000e+02  -1.0000000e+02  -2.6700000e+02
   9.2800000e+02  -1.6200000e+02  -3.1700000e+02
   9.2800000e+02  -1.6200000e+02  -3.1700000e+02
   9.8700000e+02   4.9000000e+01  -3.4100000e+02
   6.3400000e+02  -2.3000000e+02   8.9000000e+01
   9.1200000e+02  -2.7000000e+02  -7.1000000e+01
   8.7200000e+02  -1.3700000e+02  -3.1700000e+02
   9.0700000e+02  -1.4600000e+02  -4.2300000e+02
   9.7400000e+02   2.8500000e+02   2.0000000e+01
