   9.2100000e+02   5.2000000e+01  -1.0100000e+02
   9.9700000e+02  -1.4200000e+02  -2.2900000e+02
   7.3300000e+02  -1.6700000e+02   1.7700000e+02
   1.0440000e+03  -8.3000000e+01   4.9000000e+01
   9.4900000e+02  -2.5900000e+02  -2.1600000e+02
   9.0900000e+02  -2.5400000e+02  -3.1900000e+02
   9.6400000e+02  -3.4700000e+02  -4.9400000e+02
   1.0590000e+03  -1.2900000e+02  -4.7000000e+02
   1.0590000e+03  -1.2900000e+02  -4.7000000e+02
   9.8300000e+02  -9.8000000e+01   3.8200000e+02
   1.0650000e+03  -1.0600000e+02  -2.1600000e+02
   8.9200000e+02  -1.8100000e+02  -3.1700000e+02
   8.9500000e+02  -2.0300000e+02  -3.9700000e+02
   9.8700000e+02  -1.2000000e+02  -1.9400000e+02
   8.9100000e+02   5.0000000e+01  -3.8300000e+02
   8.1500000e+02  -1.8100000e+02   5.8000000e+01
   8.1500000e+02  -1.8100000e+02   5.8000000e+01
   9.9900000e+02  -1.8100000e+02  -1.9100000e+02
   8.7600000e+02  -1.3700000e+02  -2.7700000e+02
   9.1400000e+02  -2.2300000e+02  -4.0400000e+02
   1.0000000e+03   5.4000000e+01  -1.9500000e+02
   9.4700000e+02  -5.6000000e+01  -3.8000000e+01
   7.7900000e+02  -7.8000000e+01   7.9000000e+01
   9.9100000e+02  -2.1500000e+02  -2.6000000e+02
   8.8800000e+02  -1.5100000e+02  -3.2300000e+02
   8.9600000e+02  -2.0900000e+02  -3.6200000e+02
   1.0700000e+03  -1.3600000e+02  -3.4300000e+02
   1.0950000e+03  -2.7300000e+02  -6.2200000e+02
   9.5000000e+02  -1.2000000e+02   1.0600000e+02
   9.5700000e+02  -1.6800000e+02   2.6000000e+02
   9.6000000e+02  -2.9700000e+02  -1.9800000e+02
   9.2000000e+02  -2.3800000e+02  -3.5700000e+02
   8.8700000e+02  -1.4100000e+02  -3.8000000e+02
   8.7000000e+02  -2.2600000e+02  -3.8400000e+02
   1.0310000e+03  -8.5000000e+01  -3.2100000e+02
   7.6300000e+02  -1.6000000e+02   7.9000000e+01
   1.0820000e+03  -7.9000000e+01   2.7900000e+02
   9.0400000e+02  -2.7600000e+02  -2.0900000e+02
   9.1700000e+02  -1.3400000e+02  -3.1900000e+02
   9.3400000e+02  -2.5400000e+02  -4.4900000e+02
   1.0190000e+03  -5.1000000e+02  -5.9400000e+02
   9.6300000e+02  -1.0600000e+02   1.0300000e+02
   7.4700000e+02  -9.1000000e+01  -2.2000000e+01
   9.6800000e+02  -2.6600000e+02  -9.2000000e+01
   9.2700000e+02  -2.5300000e+02  -3.1200000e+02
   8.9300000e+02  -1.3600000e+02  -4.8200000e+02
   9.1300000e+02   4.6000000e+01  -3.8100000e+02
   1.0400000e+03   2.6000000e+01  -3.0300000e+02
   7.7700000e+02  -1.2500000e+02   2.0800000e+02
   8.0400000e+02  -2.5700000e+02  -2.0900000e+02
   9.1400000e+02  -2.2900000e+02  -3.6500000e+02
   9.2200000e+02  -8.3000000e+01  -4.6000000e+02
   9.0800000e+02   2.8100000e+02  -5.7800000e+02
   1.0930000e+03   6.8000000e+01  -3.9000000e+02
   7.3900000e+02  -1.3200000e+02   1.1400000e+02
   7.3900000e+02  -1.3200000e+02   1.1400000e+02
   1.0540000e+03  -1.3400000e+02  -1.4200000e+02
   9.7500000e+02  -1.3900000e+02  -2.6900000e+02
   8.7100000e+02  -1.7900000e+02  -4.0200000e+02
   9.6000000e+02  -7.3000000e+01  -4.8800000e+02
   9.6000000e+02  -7.3000000e+01  -4.8800000e+02
   9.1900000e+02  -6.5000000e+01   1.8300000e+02
   7.4600000e+02  -2.1900000e+02  -2.0400000e+02
   9.3400000e+02  -2.1300000e+02  -3.4000000e+02
   9.2600000e+02  -6.9000000e+01  -3.1000000e+02
   9.2600000e+02  -6.9000000e+01  -3.1000000e+02
   9.1400000e+02  -1.0700000e+02  -4.5500000e+02
   9.6100000e+02  -8.9000000e+01  -5.3000000e+01
   9.6100000e+02  -8.9000000e+01  -5.3000000e+01
   1.0060000e+03  -1.1000000e+02  -2.1000000e+02
   9.5600000e+02  -9.6000000e+01  -2.9000000e+02
   9.3500000e+02  -1.7300000e+02  -4.6100000e+02
   1.0770000e+03  -3.2900000e+02  -4.1900000e+02
   1.0450000e+03  -7.1000000e+01   2.8000000e+01
   1.0710000e+03  -2.7500000e+02   4.5000000e+02
   1.0080000e+03  -1.7100000e+02  -2.4800000e+02
   9.3700000e+02  -2.8200000e+02  -3.0000000e+02
   9.1900000e+02  -1.4500000e+02  -3.8400000e+02
   8.9700000e+02   3.2900000e+02  -2.7200000e+02
   1.0710000e+03  -1.8000000e+01  -1.3000000e+02
   7.7000000e+02  -1.2600000e+02   9.8000000e+01
   8.4500000e+02  -3.0000000e+02  -2.1400000e+02
   9.3400000e+02  -2.2300000e+02  -3.3300000e+02
   8.8400000e+02  -2.1200000e+02  -2.8100000e+02
   9.7900000e+02  -1.3400000e+02  -4.1300000e+02
   9.6000000e+02  -1.3700000e+02  -4.6400000e+02
   7.8300000e+02  -2.4700000e+02   5.2000000e+01
   7.8300000e+02  -2.4700000e+02   5.2000000e+01
   9.2400000e+02  -1.5900000e+02  -2.1500000e+02
   9.4600000e+02  -1.3300000e+02  -2.6800000e+02
   8.7100000e+02  -3.9900000e+02  -4.7600000e+02
   9.2800000e+02  -2.8100000e+02  -4.8000000e+02
   9.2800000e+02  -2.8100000e+02  -4.8000000e+02
   8.9300000e+02  -1.4400000e+02   3.2500000e+02
   1.0140000e+03  -8.4000000e+01  -3.1800000e+02
   9.4000000e+02  -8.4000000e+01  -3.1000000e+02
