   7.1000000e+01   3.2000000e+01   1.0520000e+03
   4.1000000e+01   3.1000000e+01   1.0400000e+03
   7.1000000e+01   3.5000000e+01   1.0540000e+03
   8.1000000e+01   1.9000000e+01   1.0370000e+03
   6.9000000e+01  -2.2000000e+01   1.0260000e+03
   5.7000000e+01  -1.3000000e+01   1.0550000e+03
   7.0000000e+01  -1.7000000e+01   1.0520000e+03
   5.9000000e+01  -3.0000000e+01   1.0380000e+03
   5.8000000e+01  -2.1000000e+01   1.0310000e+03
   5.1000000e+01  -3.0000000e+01   1.0490000e+03
   2.8000000e+01  -1.7000000e+01   1.0260000e+03
  -2.0000000e+00  -7.8000000e+01   9.8400000e+02
  -5.6000000e+01  -1.0100000e+02   9.0700000e+02
  -1.0700000e+02  -1.2700000e+02   1.0140000e+03
  -7.5000000e+01  -7.7000000e+01   1.0270000e+03
  -4.8000000e+01  -6.7000000e+01   1.0310000e+03
  -8.5000000e+01  -4.3000000e+01   1.0380000e+03
  -1.3700000e+02  -1.2700000e+02   1.0350000e+03
  -9.6000000e+01  -1.1600000e+02   1.0310000e+03
  -6.8000000e+01  -1.0300000e+02   1.0160000e+03
  -4.4000000e+01  -1.0000000e+02   1.0350000e+03
  -7.5000000e+01  -1.0900000e+02   1.0490000e+03
  -7.4000000e+01  -1.0700000e+02   1.0330000e+03
  -5.5000000e+01  -1.5100000e+02   1.0140000e+03
  -4.5000000e+01  -1.5500000e+02   1.0310000e+03
  -4.9000000e+01  -1.4400000e+02   1.0290000e+03
  -3.3000000e+01  -1.4000000e+02   1.0170000e+03
  -2.6000000e+01  -1.4800000e+02   1.0440000e+03
  -5.3000000e+01  -1.4700000e+02   1.0280000e+03
  -5.2000000e+01  -1.3100000e+02   1.0290000e+03
  -1.8000000e+01  -1.1600000e+02   1.0420000e+03
  -1.2000000e+01  -9.1000000e+01   1.0200000e+03
  -3.8000000e+01  -1.1100000e+02   1.0310000e+03
  -4.6000000e+01  -1.5400000e+02   1.0330000e+03
  -6.5000000e+01  -1.5100000e+02   1.0360000e+03
  -6.6000000e+01  -1.4700000e+02   1.0530000e+03
  -5.7000000e+01  -1.5400000e+02   1.0310000e+03
  -5.4000000e+01  -1.5900000e+02   1.0260000e+03
  -5.4000000e+01  -1.7200000e+02   1.0170000e+03
  -5.8000000e+01  -1.6700000e+02   1.0290000e+03
  -4.9000000e+01  -1.5900000e+02   1.0350000e+03
  -4.5000000e+01  -1.6900000e+02   1.0150000e+03
  -4.8000000e+01  -1.5500000e+02   1.0370000e+03
  -4.9000000e+01  -1.6200000e+02   1.0360000e+03
  -4.6000000e+01  -1.7600000e+02   1.0290000e+03
  -4.8000000e+01  -1.7300000e+02   1.0290000e+03
  -4.7000000e+01  -1.7000000e+02   1.0260000e+03
  -5.2000000e+01  -1.7600000e+02   1.0310000e+03
  -5.0000000e+01  -1.5800000e+02   1.0310000e+03
  -5.8000000e+01  -1.7100000e+02   1.0320000e+03
  -5.4000000e+01  -1.7600000e+02   1.0250000e+03
  -5.6000000e+01  -1.6700000e+02   1.0350000e+03
  -4.5000000e+01  -1.3600000e+02   1.0250000e+03
  -9.0000000e+00  -4.8000000e+01   1.0330000e+03
   5.9000000e+01   4.1000000e+01   1.0190000e+03
   8.7000000e+01   9.8000000e+01   1.0670000e+03
   8.9000000e+01   7.3000000e+01   1.0550000e+03
   9.4000000e+01   2.0000000e+01   1.0350000e+03
   7.7000000e+01   1.7000000e+01   1.0690000e+03
   3.0000000e+01   1.4000000e+01   1.0370000e+03
   6.0000000e+00   1.4000000e+01   1.0510000e+03
   8.0000000e+00  -1.9000000e+01   1.0350000e+03
   1.0000000e+01  -1.6000000e+01   1.0680000e+03
  -1.9000000e+01  -5.3000000e+01   1.0210000e+03
   1.1000000e+01  -3.6000000e+01   1.0230000e+03
   5.0000000e+00  -3.3000000e+01   1.0290000e+03
  -2.2000000e+01  -3.5000000e+01   1.0490000e+03
  -3.4000000e+01  -2.9000000e+01   1.0540000e+03
   3.2000000e+01  -2.3700000e+02   1.0110000e+03
   3.9000000e+01   4.2000000e+01   1.0490000e+03
   4.7000000e+01   6.9000000e+01   1.0690000e+03
   6.7000000e+01   5.7000000e+01   1.0650000e+03
   8.7000000e+01   8.1000000e+01   1.0100000e+03
   7.0000000e+00   7.8000000e+01   1.0040000e+03
   1.7000000e+01   5.1000000e+01   1.0540000e+03
  -5.5000000e+01   9.0000000e+00   1.0620000e+03
  -8.5000000e+01  -3.5000000e+01   1.0320000e+03
  -1.0100000e+02  -3.9000000e+01   1.0230000e+03
  -1.0900000e+02  -8.4000000e+01   1.0300000e+03
  -9.9000000e+01  -8.8000000e+01   1.0280000e+03
  -1.0400000e+02  -7.6000000e+01   1.0390000e+03
  -8.6000000e+01  -6.2000000e+01   1.0370000e+03
  -3.6000000e+01  -4.7000000e+01   1.0430000e+03
   5.0000000e+01  -3.7000000e+01   9.8900000e+02
   9.3000000e+01   1.5000000e+01   1.0670000e+03
   1.3700000e+02   8.3000000e+01   1.0390000e+03
   1.3600000e+02   7.4000000e+01   1.0500000e+03
   1.3900000e+02   3.1000000e+01   1.0150000e+03
   1.1500000e+02   3.7000000e+01   1.0210000e+03
   9.1000000e+01   2.8000000e+01   1.0370000e+03
   9.7000000e+01   1.7000000e+01   1.0310000e+03
   9.5000000e+01   4.0000000e+00   1.0380000e+03
   1.0000000e+02   2.8000000e+01   1.0200000e+03
   1.0400000e+02   2.7000000e+01   1.0760000e+03
   1.2200000e+02   6.4000000e+01   1.0390000e+03
   1.0900000e+02   8.0000000e+00   1.0250000e+03
