   6.2000000e+01  -1.0800000e+02   1.0330000e+03
   6.0000000e+01  -8.8000000e+01   1.0370000e+03
   6.2000000e+01  -1.1000000e+02   1.0420000e+03
   6.3000000e+01  -8.6000000e+01   1.0360000e+03
   6.5000000e+01  -9.0000000e+01   1.0460000e+03
   6.5000000e+01  -9.5000000e+01   1.0320000e+03
   6.3000000e+01  -8.4000000e+01   1.0280000e+03
   6.2000000e+01  -9.4000000e+01   1.0390000e+03
   5.5000000e+01  -9.9000000e+01   1.0380000e+03
   5.7000000e+01  -8.9000000e+01   1.0380000e+03
   6.1000000e+01  -8.6000000e+01   1.0420000e+03
   6.3000000e+01  -9.1000000e+01   1.0300000e+03
   6.6000000e+01  -8.3000000e+01   1.0330000e+03
   6.6000000e+01  -8.7000000e+01   1.0330000e+03
   6.6000000e+01  -8.3000000e+01   1.0420000e+03
   6.4000000e+01  -8.5000000e+01   1.0350000e+03
   6.1000000e+01  -8.8000000e+01   1.0360000e+03
   6.2000000e+01  -7.3000000e+01   1.0290000e+03
   5.8000000e+01  -7.5000000e+01   1.0400000e+03
   6.2000000e+01  -8.1000000e+01   1.0370000e+03
   5.8000000e+01  -7.7000000e+01   1.0400000e+03
   5.9000000e+01  -7.7000000e+01   1.0400000e+03
   6.1000000e+01  -6.0000000e+01   1.0370000e+03
   5.9000000e+01  -8.3000000e+01   1.0350000e+03
   6.0000000e+01  -8.2000000e+01   1.0360000e+03
   6.1000000e+01  -8.2000000e+01   1.0370000e+03
   6.4000000e+01  -8.6000000e+01   1.0380000e+03
   5.7000000e+01  -8.2000000e+01   1.0360000e+03
   5.8000000e+01  -8.5000000e+01   1.0340000e+03
   5.4000000e+01  -8.2000000e+01   1.0360000e+03
   5.4000000e+01  -8.3000000e+01   1.0360000e+03
   5.3000000e+01  -8.2000000e+01   1.0360000e+03
   5.6000000e+01  -8.5000000e+01   1.0380000e+03
   5.7000000e+01  -8.5000000e+01   1.0360000e+03
   5.9000000e+01  -8.6000000e+01   1.0430000e+03
   5.9000000e+01  -8.3000000e+01   1.0360000e+03
   6.1000000e+01  -8.3000000e+01   1.0360000e+03
   5.9000000e+01  -8.2000000e+01   1.0440000e+03
   5.8000000e+01  -8.1000000e+01   1.0340000e+03
   6.6000000e+01  -8.6000000e+01   1.0340000e+03
   6.1000000e+01  -8.7000000e+01   1.0310000e+03
   8.5000000e+01  -9.0000000e+01   1.0390000e+03
   7.2000000e+01  -1.9200000e+02   1.0190000e+03
   6.4000000e+01  -1.5600000e+02   1.0490000e+03
   6.2000000e+01  -1.6500000e+02   1.0280000e+03
   6.1000000e+01  -1.5600000e+02   1.0250000e+03
   5.9000000e+01  -1.5200000e+02   1.0230000e+03
   6.3000000e+01  -1.5500000e+02   1.0210000e+03
   6.4000000e+01  -1.5700000e+02   1.0250000e+03
   6.2000000e+01  -1.5700000e+02   1.0320000e+03
   6.2000000e+01  -1.5800000e+02   1.0190000e+03
   5.8000000e+01  -1.6000000e+02   1.0290000e+03
   5.6000000e+01  -1.6100000e+02   1.0280000e+03
   5.4000000e+01  -1.7500000e+02   1.0350000e+03
   5.7000000e+01  -1.7100000e+02   1.0260000e+03
   6.4000000e+01  -1.7600000e+02   1.0220000e+03
   5.4000000e+01  -1.6700000e+02   1.0290000e+03
   5.7000000e+01  -1.6400000e+02   1.0310000e+03
   6.1000000e+01  -1.5400000e+02   1.0250000e+03
   6.2000000e+01  -1.5900000e+02   1.0220000e+03
   6.0000000e+01  -1.6200000e+02   1.0270000e+03
   5.5000000e+01  -1.6200000e+02   1.0290000e+03
   5.0000000e+01  -1.6400000e+02   1.0260000e+03
   8.0000000e+01  -1.7600000e+02   1.0230000e+03
   7.1000000e+01  -1.5500000e+02   1.0330000e+03
   7.2000000e+01  -1.5300000e+02   1.0190000e+03
   5.9000000e+01  -1.5400000e+02   1.0240000e+03
   5.9000000e+01  -1.5400000e+02   1.0240000e+03
   7.2000000e+01  -1.4400000e+02   1.0310000e+03
   7.5000000e+01  -1.3100000e+02   1.0350000e+03
   7.6000000e+01  -1.5500000e+02   1.0210000e+03
   6.9000000e+01  -1.3400000e+02   1.0250000e+03
   8.0000000e+01  -1.4000000e+02   1.0340000e+03
   7.7000000e+01  -1.4200000e+02   1.0250000e+03
   7.3000000e+01  -1.5700000e+02   1.0380000e+03
   6.3000000e+01  -1.4900000e+02   1.0230000e+03
   6.3000000e+01  -1.5700000e+02   1.0210000e+03
   6.3000000e+01  -1.4700000e+02   1.0280000e+03
   6.6000000e+01  -1.4000000e+02   1.0170000e+03
   6.9000000e+01  -1.4200000e+02   1.0250000e+03
   6.6000000e+01  -1.4900000e+02   1.0320000e+03
   6.2000000e+01  -1.5000000e+02   1.0280000e+03
   6.1000000e+01  -1.5000000e+02   1.0300000e+03
   6.3000000e+01  -1.4500000e+02   1.0340000e+03
   6.6000000e+01  -1.4400000e+02   1.0300000e+03
   6.1000000e+01  -1.4000000e+02   1.0280000e+03
   6.8000000e+01  -1.4000000e+02   1.0320000e+03
   6.4000000e+01  -1.4000000e+02   1.0330000e+03
   6.7000000e+01  -1.4400000e+02   1.0270000e+03
   6.1000000e+01  -1.5000000e+02   1.0300000e+03
   6.3000000e+01  -1.4700000e+02   1.0280000e+03
   6.4000000e+01  -1.4400000e+02   1.0260000e+03
   6.1000000e+01  -1.4700000e+02   1.0320000e+03
   6.4000000e+01  -1.5200000e+02   1.0310000e+03
   6.3000000e+01  -1.5000000e+02   1.0300000e+03
   5.7000000e+01  -1.4700000e+02   1.0300000e+03
