   1.4600000e+02   4.0000000e+01   1.0260000e+03
   1.3100000e+02   2.0000000e+01   1.0290000e+03
   1.3300000e+02   2.4000000e+01   1.0310000e+03
   1.3200000e+02   3.5000000e+01   1.0310000e+03
   1.2800000e+02   3.1000000e+01   1.0320000e+03
   1.2300000e+02   1.6000000e+01   1.0320000e+03
   1.3200000e+02   2.6000000e+01   1.0320000e+03
   1.3800000e+02   2.0000000e+01   1.0310000e+03
   1.4400000e+02   2.8000000e+01   1.0340000e+03
   1.4100000e+02   3.9000000e+01   1.0280000e+03
   1.3900000e+02   3.5000000e+01   1.0290000e+03
   1.4500000e+02   2.7000000e+01   1.0360000e+03
   1.4100000e+02   3.5000000e+01   1.0290000e+03
   1.4000000e+02   2.3000000e+01   1.0320000e+03
   1.4300000e+02   3.0000000e+01   1.0280000e+03
   1.4200000e+02   4.2000000e+01   1.0270000e+03
   1.4300000e+02   2.4000000e+01   1.0390000e+03
   1.3000000e+02   1.2000000e+01   1.0260000e+03
   1.1700000e+02   9.0000000e+00   1.0240000e+03
   1.1000000e+02   9.0000000e+00   1.0350000e+03
   1.1800000e+02   2.9000000e+01   1.0240000e+03
   1.1700000e+02   1.7000000e+01   1.0350000e+03
   1.1800000e+02   1.6000000e+01   1.0310000e+03
   1.2000000e+02   1.8000000e+01   1.0350000e+03
   1.1800000e+02   1.9000000e+01   1.0350000e+03
   1.1500000e+02   2.5000000e+01   1.0300000e+03
   1.1200000e+02   2.2000000e+01   1.0350000e+03
   1.1400000e+02   2.7000000e+01   1.0340000e+03
   1.1500000e+02   2.5000000e+01   1.0340000e+03
   1.1100000e+02   1.6000000e+01   1.0350000e+03
   1.1500000e+02   2.1000000e+01   1.0280000e+03
   1.0100000e+02   1.7000000e+01   1.0340000e+03
   1.1500000e+02   2.7000000e+01   1.0340000e+03
   1.1000000e+02   7.0000000e+00   1.0400000e+03
   1.1400000e+02   2.0000000e+01   1.0340000e+03
   9.8000000e+01   1.3000000e+01   1.0370000e+03
   1.0100000e+02   6.0000000e+00   1.0380000e+03
   9.4000000e+01   6.0000000e+00   1.0330000e+03
   8.9000000e+01   6.0000000e+00   1.0340000e+03
   9.9000000e+01   0.0000000e+00   1.0410000e+03
   9.7000000e+01  -1.0000000e+01   1.0410000e+03
   9.3000000e+01  -5.0000000e+00   1.0340000e+03
   9.6000000e+01  -4.0000000e+00   1.0490000e+03
   9.2000000e+01   8.0000000e+00   1.0350000e+03
   9.1000000e+01  -6.0000000e+00   1.0350000e+03
   9.6000000e+01  -6.0000000e+00   1.0380000e+03
   9.3000000e+01  -2.0000000e+00   1.0360000e+03
   8.7000000e+01  -2.0000000e+00   1.0340000e+03
   9.1000000e+01  -1.1000000e+01   1.0380000e+03
   9.0000000e+01  -1.2000000e+01   1.0430000e+03
   9.0000000e+01   1.0000000e+00   1.0380000e+03
   9.1000000e+01   1.0000000e+00   1.0390000e+03
   9.2000000e+01  -5.0000000e+00   1.0370000e+03
   9.2000000e+01  -5.0000000e+00   1.0460000e+03
   8.3000000e+01   0.0000000e+00   1.0400000e+03
   8.2000000e+01   0.0000000e+00   1.0360000e+03
   8.6000000e+01   4.0000000e+00   1.0410000e+03
   8.5000000e+01   7.0000000e+00   1.0380000e+03
   9.0000000e+01   1.4000000e+01   1.0390000e+03
   8.2000000e+01   6.0000000e+00   1.0340000e+03
   9.0000000e+01  -1.0000000e+00   1.0430000e+03
   8.4000000e+01   3.0000000e+00   1.0360000e+03
   8.6000000e+01   2.0000000e+00   1.0370000e+03
   8.6000000e+01   5.0000000e+00   1.0370000e+03
   8.2000000e+01   4.0000000e+00   1.0380000e+03
   8.3000000e+01  -1.4000000e+01   1.0360000e+03
   7.7000000e+01   0.0000000e+00   1.0350000e+03
   8.0000000e+01   5.0000000e+00   1.0350000e+03
   8.2000000e+01  -3.0000000e+00   1.0380000e+03
   8.3000000e+01  -4.0000000e+00   1.0390000e+03
   8.5000000e+01  -2.0000000e+00   1.0390000e+03
   8.3000000e+01   0.0000000e+00   1.0360000e+03
   8.3000000e+01   4.0000000e+00   1.0370000e+03
   8.2000000e+01   3.0000000e+00   1.0360000e+03
   8.3000000e+01   1.0000000e+00   1.0390000e+03
   8.1000000e+01   1.0000000e+00   1.0390000e+03
   8.1000000e+01  -1.0000000e+00   1.0380000e+03
   8.0000000e+01   2.0000000e+00   1.0370000e+03
   8.2000000e+01   5.0000000e+00   1.0380000e+03
   8.5000000e+01   1.0000000e+00   1.0410000e+03
   8.1000000e+01   6.0000000e+00   1.0340000e+03
   8.3000000e+01   1.0000000e+00   1.0380000e+03
   8.8000000e+01  -2.0000000e+00   1.0420000e+03
   8.3000000e+01  -1.0000000e+00   1.0390000e+03
   8.3000000e+01   1.0000000e+00   1.0380000e+03
   8.0000000e+01   4.0000000e+00   1.0370000e+03
   8.8000000e+01   3.0000000e+00   1.0390000e+03
   8.4000000e+01   1.0000000e+01   1.0380000e+03
   8.0000000e+01  -1.0000000e+00   1.0430000e+03
   8.3000000e+01  -9.0000000e+00   1.0440000e+03
   7.6000000e+01  -2.0000000e+00   1.0380000e+03
   7.7000000e+01   1.0000000e+00   1.0360000e+03
   8.3000000e+01   1.0000000e+00   1.0400000e+03
   8.0000000e+01   3.0000000e+00   1.0390000e+03
   7.7000000e+01  -4.0000000e+00   1.0390000e+03
   7.8000000e+01  -1.0000000e+00   1.0380000e+03
