   7.9000000e+01  -4.4000000e+01   1.0320000e+03
   8.4000000e+01  -3.7000000e+01   1.0290000e+03
   7.1000000e+01  -3.7000000e+01   1.0470000e+03
   9.6000000e+01  -2.4000000e+01   1.0420000e+03
   8.4000000e+01  -3.2000000e+01   1.0320000e+03
   8.5000000e+01  -2.6000000e+01   1.0390000e+03
   1.0100000e+02  -3.8000000e+01   1.0470000e+03
   8.8000000e+01  -1.5000000e+01   1.0280000e+03
   8.6000000e+01  -6.0000000e+00   1.0530000e+03
   1.0000000e+02  -3.0000000e+01   1.0230000e+03
   9.9000000e+01  -1.3000000e+01   1.0390000e+03
   8.1000000e+01   1.8000000e+01   1.0460000e+03
   9.5000000e+01  -1.0000000e+01   1.0380000e+03
   8.8000000e+01  -6.0000000e+00   1.0190000e+03
   9.6000000e+01   7.0000000e+00   1.0380000e+03
   9.3000000e+01  -9.0000000e+00   1.0390000e+03
   1.0100000e+02  -8.0000000e+00   1.0340000e+03
   8.6000000e+01  -5.0000000e+00   1.0270000e+03
   8.4000000e+01  -1.7000000e+01   1.0490000e+03
   7.0000000e+01   1.4000000e+01   1.0460000e+03
   7.4000000e+01  -2.0000000e+00   1.0510000e+03
   7.9000000e+01  -2.0000000e+01   1.0370000e+03
   7.6000000e+01  -1.2000000e+01   1.0360000e+03
   7.6000000e+01  -1.8000000e+01   1.0360000e+03
   7.7000000e+01  -2.1000000e+01   1.0370000e+03
   8.2000000e+01  -2.4000000e+01   1.0480000e+03
   7.7000000e+01  -2.7000000e+01   1.0370000e+03
   7.6000000e+01  -2.7000000e+01   1.0380000e+03
   8.0000000e+01  -2.7000000e+01   1.0340000e+03
   8.0000000e+01  -3.1000000e+01   1.0370000e+03
   8.1000000e+01  -2.6000000e+01   1.0320000e+03
   8.4000000e+01  -3.0000000e+01   1.0360000e+03
   8.4000000e+01  -2.7000000e+01   1.0390000e+03
   8.4000000e+01  -2.7000000e+01   1.0370000e+03
   8.4000000e+01  -2.2000000e+01   1.0400000e+03
   8.7000000e+01  -2.2000000e+01   1.0370000e+03
   8.7000000e+01  -2.9000000e+01   1.0390000e+03
   8.2000000e+01  -2.7000000e+01   1.0380000e+03
   8.3000000e+01  -2.9000000e+01   1.0370000e+03
   8.0000000e+01  -2.3000000e+01   1.0360000e+03
   8.3000000e+01  -2.7000000e+01   1.0400000e+03
   7.7000000e+01  -3.0000000e+01   1.0440000e+03
   8.5000000e+01  -3.1000000e+01   1.0260000e+03
   7.5000000e+01  -2.0000000e+01   1.0430000e+03
   7.8000000e+01  -3.1000000e+01   1.0370000e+03
   7.9000000e+01  -3.2000000e+01   1.0370000e+03
   8.3000000e+01  -3.4000000e+01   1.0410000e+03
   7.5000000e+01  -3.0000000e+01   1.0350000e+03
   7.5000000e+01  -2.6000000e+01   1.0380000e+03
   6.9000000e+01  -3.4000000e+01   1.0300000e+03
   6.9000000e+01  -3.3000000e+01   1.0370000e+03
   7.2000000e+01  -2.4000000e+01   1.0360000e+03
   6.9000000e+01  -3.2000000e+01   1.0340000e+03
   6.9000000e+01  -2.3000000e+01   1.0390000e+03
   6.6000000e+01  -2.4000000e+01   1.0340000e+03
   7.0000000e+01  -2.7000000e+01   1.0380000e+03
   6.3000000e+01  -2.3000000e+01   1.0330000e+03
   6.9000000e+01  -2.9000000e+01   1.0360000e+03
   7.3000000e+01  -3.5000000e+01   1.0360000e+03
   8.0000000e+01  -3.7000000e+01   1.0450000e+03
   5.9000000e+01  -3.9000000e+01   1.0490000e+03
   7.6000000e+01  -5.4000000e+01   1.0400000e+03
   6.5000000e+01  -5.9000000e+01   1.0400000e+03
   7.6000000e+01  -4.6000000e+01   1.0390000e+03
   7.7000000e+01  -5.0000000e+01   1.0430000e+03
   7.2000000e+01  -1.8000000e+01   1.0350000e+03
   7.5000000e+01  -4.9000000e+01   1.0250000e+03
   6.7000000e+01  -4.1000000e+01   1.0490000e+03
   6.4000000e+01  -3.8000000e+01   1.0360000e+03
   6.4000000e+01  -3.8000000e+01   1.0360000e+03
   6.5000000e+01  -3.7000000e+01   1.0460000e+03
   6.8000000e+01  -3.4000000e+01   1.0370000e+03
   7.2000000e+01  -4.1000000e+01   1.0410000e+03
   7.0000000e+01  -4.2000000e+01   1.0420000e+03
   7.0000000e+01  -4.6000000e+01   1.0370000e+03
   6.9000000e+01  -4.6000000e+01   1.0340000e+03
   7.2000000e+01  -3.3000000e+01   1.0390000e+03
   7.1000000e+01  -3.4000000e+01   1.0220000e+03
   6.9000000e+01  -3.9000000e+01   1.0400000e+03
   7.4000000e+01  -3.7000000e+01   1.0370000e+03
   6.9000000e+01  -3.4000000e+01   1.0360000e+03
   7.8000000e+01  -2.7000000e+01   1.0380000e+03
   7.1000000e+01  -2.4000000e+01   1.0380000e+03
   7.8000000e+01  -2.5000000e+01   1.0410000e+03
   6.8000000e+01  -3.5000000e+01   1.0450000e+03
   6.7000000e+01  -3.2000000e+01   1.0380000e+03
   7.1000000e+01  -2.9000000e+01   1.0380000e+03
   7.0000000e+01  -3.4000000e+01   1.0380000e+03
   7.2000000e+01  -3.5000000e+01   1.0400000e+03
   7.1000000e+01  -3.5000000e+01   1.0410000e+03
   7.0000000e+01  -3.3000000e+01   1.0290000e+03
   7.4000000e+01  -3.4000000e+01   1.0400000e+03
   6.9000000e+01  -3.1000000e+01   1.0390000e+03
   7.1000000e+01  -3.5000000e+01   1.0360000e+03
   7.0000000e+01  -2.8000000e+01   1.0400000e+03
   7.1000000e+01  -2.9000000e+01   1.0390000e+03
