   2.8500000e+02   6.3000000e+01   1.0560000e+03
   1.5900000e+02   1.1000000e+02   9.7400000e+02
   1.4400000e+02   5.4000000e+01   1.0140000e+03
   1.9300000e+02   6.9000000e+01   1.0700000e+03
   1.9300000e+02   6.9000000e+01   1.0700000e+03
   1.2100000e+02   1.0000000e+02   1.0870000e+03
   1.4400000e+02   1.0900000e+02   9.5700000e+02
   1.6600000e+02   1.3700000e+02   9.0200000e+02
   1.5400000e+02   6.7000000e+01   9.6900000e+02
   1.3900000e+02   1.3600000e+02   1.0590000e+03
   1.5000000e+02   9.6000000e+01   1.0800000e+03
   1.4200000e+02   8.5000000e+01   1.0230000e+03
   1.5100000e+02   6.0000000e+01   9.2400000e+02
   1.2100000e+02  -1.6000000e+01   9.1200000e+02
   1.0200000e+02  -3.5000000e+01   9.5100000e+02
   1.0300000e+02   6.0000000e+00   1.0690000e+03
   8.0000000e+01  -8.2000000e+01   1.0810000e+03
   3.2000000e+01  -8.0000000e+00   1.0230000e+03
   5.4000000e+01  -4.4000000e+01   1.0650000e+03
   6.4000000e+01  -1.1000000e+01   1.0500000e+03
   7.8000000e+01  -6.0000000e+00   1.0770000e+03
   8.9000000e+01  -2.0000000e+00   1.0590000e+03
   8.1000000e+01  -4.0000000e+00   1.0460000e+03
   8.3000000e+01  -5.8000000e+01   1.0810000e+03
   9.2000000e+01  -4.4000000e+01   1.0450000e+03
   1.0100000e+02  -3.8000000e+01   1.0330000e+03
   9.8000000e+01  -2.4000000e+01   1.0180000e+03
   9.1000000e+01  -1.7000000e+01   1.0560000e+03
   9.0000000e+01  -1.3000000e+01   1.0510000e+03
   1.1000000e+02   2.0000000e+00   1.0230000e+03
   1.1000000e+02   2.5000000e+01   1.0210000e+03
   1.1200000e+02   4.6000000e+01   1.0270000e+03
   1.3100000e+02   7.0000000e+01   1.0160000e+03
   1.5700000e+02   7.9000000e+01   1.0370000e+03
   1.4100000e+02   6.0000000e+01   9.7200000e+02
   1.4400000e+02   4.8000000e+01   9.7300000e+02
   1.2600000e+02   4.8000000e+01   1.0090000e+03
   1.1500000e+02   4.4000000e+01   1.0290000e+03
   1.2700000e+02   4.9000000e+01   1.0350000e+03
   1.2700000e+02   4.5000000e+01   1.0360000e+03
   1.2200000e+02   3.2000000e+01   1.0450000e+03
   1.2000000e+02   2.1000000e+01   1.0200000e+03
   1.2200000e+02   1.6000000e+01   1.0240000e+03
   1.2600000e+02   6.0000000e+00   1.0320000e+03
   1.2800000e+02  -5.0000000e+00   1.0460000e+03
   1.1400000e+02  -6.0000000e+00   1.0420000e+03
   1.1500000e+02  -1.4000000e+01   1.0310000e+03
   1.2000000e+02   1.4000000e+01   1.0560000e+03
   1.1900000e+02   1.1000000e+01   9.7800000e+02
   1.2700000e+02  -2.0000000e+00   1.0200000e+03
   1.2700000e+02   3.6000000e+01   1.0550000e+03
   1.3800000e+02   3.3000000e+01   1.0460000e+03
   1.4300000e+02   2.3000000e+01   1.0590000e+03
   1.3800000e+02   5.4000000e+01   1.0380000e+03
   1.3900000e+02   6.1000000e+01   1.0530000e+03
   1.3600000e+02   2.6000000e+01   1.0340000e+03
   1.3000000e+02   2.9000000e+01   1.0250000e+03
   1.3000000e+02   5.5000000e+01   1.0280000e+03
   1.2700000e+02   4.2000000e+01   1.0350000e+03
   1.2700000e+02   3.7000000e+01   1.0270000e+03
   1.2900000e+02   4.7000000e+01   1.0340000e+03
   1.3000000e+02   3.8000000e+01   1.0370000e+03
   1.2700000e+02   2.6000000e+01   1.0140000e+03
   1.2300000e+02   5.5000000e+01   1.0200000e+03
   1.2200000e+02   5.4000000e+01   1.0230000e+03
   1.0100000e+02   6.4000000e+01   1.0190000e+03
   7.0000000e+01   8.0000000e+01   9.1900000e+02
   9.0000000e+00   1.7600000e+02   9.7400000e+02
  -1.0000000e+01   1.8500000e+02   9.3800000e+02
   5.3000000e+01   1.5800000e+02   9.4700000e+02
  -1.8000000e+01  -6.4000000e+01   1.0570000e+03
   1.5000000e+01   3.6000000e+01   1.0230000e+03
   7.0000000e+00   5.8000000e+01   1.0650000e+03
   3.7000000e+01   1.7900000e+02   1.0330000e+03
   2.6000000e+01   5.0000000e+01   1.0300000e+03
   5.2000000e+01   5.4000000e+01   9.4900000e+02
   4.4000000e+01   7.0000000e+01   1.0280000e+03
   4.1000000e+01   3.7000000e+01   1.0410000e+03
   5.1000000e+01   4.6000000e+01   9.7000000e+02
   4.4000000e+01   3.6000000e+01   1.0330000e+03
   2.9000000e+01   6.4000000e+01   1.0740000e+03
   3.9000000e+01   2.7000000e+01   1.0500000e+03
   4.7000000e+01   9.0000000e+00   9.8700000e+02
   4.9000000e+01   2.4000000e+01   1.0330000e+03
   3.0000000e+01   1.5000000e+01   1.0720000e+03
   1.9000000e+01   3.5000000e+01   1.0050000e+03
   4.0000000e+00   5.6000000e+01   1.0170000e+03
   2.6000000e+01   4.8000000e+01   9.7500000e+02
   6.1000000e+01   2.3000000e+02   1.0090000e+03
   7.2000000e+01   2.4400000e+02   1.0630000e+03
   9.4000000e+01   3.3700000e+02   1.0760000e+03
   1.1500000e+02   1.5600000e+02   1.0140000e+03
   1.0900000e+02   9.5000000e+01   1.0040000e+03
   1.0000000e+02   1.3200000e+02   1.0370000e+03
   8.7000000e+01   5.2000000e+01   1.0260000e+03
   8.3000000e+01   1.0300000e+02   1.0230000e+03
