   2.0000000e+00  -1.2600000e+02   1.0480000e+03
  -1.0000000e+01  -1.5100000e+02   1.0220000e+03
   1.0000000e+01  -1.6700000e+02   1.0390000e+03
  -1.2000000e+01  -1.6400000e+02   1.0220000e+03
   3.0000000e+00  -1.6400000e+02   1.0530000e+03
   7.0000000e+00  -1.7300000e+02   1.0520000e+03
   2.0000000e+00  -1.8900000e+02   1.0070000e+03
   2.1000000e+01  -1.4100000e+02   1.0070000e+03
   0.0000000e+00  -2.1900000e+02   1.0650000e+03
   3.2000000e+01  -7.5000000e+01   1.0320000e+03
   3.4000000e+01  -1.0000000e+02   1.0200000e+03
  -1.5000000e+01  -9.0000000e+01   1.0310000e+03
  -9.0000000e+00  -6.1000000e+01   1.0350000e+03
  -1.8000000e+01  -1.0300000e+02   1.0130000e+03
  -2.2000000e+01  -9.8000000e+01   1.0060000e+03
   2.9000000e+01  -6.6000000e+01   1.0690000e+03
   4.7000000e+01  -1.6400000e+02   1.0260000e+03
   2.3000000e+01  -1.4000000e+02   1.0330000e+03
   1.4000000e+01  -1.7400000e+02   1.0080000e+03
   1.9000000e+01  -1.8100000e+02   1.0190000e+03
   1.2000000e+01  -1.6100000e+02   1.0240000e+03
   1.5000000e+01  -1.6600000e+02   1.0260000e+03
   2.9000000e+01  -1.9400000e+02   1.0200000e+03
   1.6000000e+01  -2.1500000e+02   1.0240000e+03
   2.1000000e+01  -2.0300000e+02   1.0230000e+03
   2.0000000e+01  -2.0900000e+02   1.0220000e+03
   9.0000000e+00  -2.2000000e+02   1.0230000e+03
   5.0000000e+00  -2.3500000e+02   1.0110000e+03
   1.5000000e+01  -2.1000000e+02   1.0260000e+03
   8.0000000e+00  -2.0900000e+02   1.0210000e+03
   1.1000000e+01  -2.1900000e+02   1.0180000e+03
   1.8000000e+01  -2.2100000e+02   1.0200000e+03
   1.4000000e+01  -2.1000000e+02   1.0220000e+03
   1.3000000e+01  -2.0900000e+02   1.0190000e+03
   1.0000000e+01  -2.2100000e+02   1.0170000e+03
   2.0000000e+01  -2.3300000e+02   1.0180000e+03
   2.6000000e+01  -2.1100000e+02   1.0180000e+03
   1.3000000e+01  -2.1100000e+02   1.0230000e+03
   1.4000000e+01  -2.0900000e+02   1.0200000e+03
   1.3000000e+01  -2.1100000e+02   1.0220000e+03
   1.6000000e+01  -2.0800000e+02   1.0220000e+03
   1.3000000e+01  -2.0400000e+02   1.0220000e+03
   1.5000000e+01  -2.1000000e+02   1.0270000e+03
   1.3000000e+01  -2.1400000e+02   1.0200000e+03
   7.0000000e+00  -2.0800000e+02   1.0220000e+03
   1.0000000e+01  -2.0200000e+02   1.0260000e+03
   9.0000000e+00  -1.9500000e+02   1.0230000e+03
   1.0000000e+01  -1.9600000e+02   1.0190000e+03
   7.0000000e+00  -2.2000000e+02   1.0270000e+03
   1.6000000e+01  -1.9800000e+02   1.0210000e+03
   1.4000000e+01  -2.0900000e+02   1.0170000e+03
   2.1000000e+01  -2.1200000e+02   1.0220000e+03
   1.4000000e+01  -1.9300000e+02   1.0160000e+03
   1.4000000e+01  -2.1200000e+02   1.0220000e+03
   1.2000000e+01  -2.0700000e+02   1.0240000e+03
   1.1000000e+01  -2.0600000e+02   1.0170000e+03
   1.8000000e+01  -2.1700000e+02   1.0240000e+03
   1.6000000e+01  -2.1900000e+02   1.0240000e+03
   1.5000000e+01  -2.2000000e+02   1.0180000e+03
   1.6000000e+01  -2.2000000e+02   1.0170000e+03
   1.7000000e+01  -2.1300000e+02   1.0190000e+03
   1.4000000e+01  -2.2100000e+02   1.0150000e+03
   3.3000000e+01  -2.3600000e+02   1.0120000e+03
   1.6000000e+01  -2.3400000e+02   1.0110000e+03
   2.2000000e+01  -2.5400000e+02   1.0140000e+03
   1.6000000e+01  -2.4300000e+02   1.0100000e+03
   1.3000000e+01  -2.2900000e+02   1.0160000e+03
   2.9000000e+01  -2.4900000e+02   1.0140000e+03
   1.2000000e+01  -2.3800000e+02   1.0010000e+03
   1.9000000e+01  -2.4000000e+02   1.0230000e+03
   1.9000000e+01  -2.3900000e+02   1.0080000e+03
   2.2000000e+01  -2.3900000e+02   1.0200000e+03
   2.1000000e+01  -2.4400000e+02   1.0140000e+03
   2.1000000e+01  -2.4300000e+02   1.0100000e+03
   1.9000000e+01  -2.4400000e+02   1.0160000e+03
   2.4000000e+01  -2.4200000e+02   1.0160000e+03
   2.4000000e+01  -2.4100000e+02   1.0130000e+03
   2.5000000e+01  -2.4000000e+02   1.0160000e+03
   2.7000000e+01  -2.3900000e+02   1.0140000e+03
   1.9000000e+01  -2.4300000e+02   1.0160000e+03
   2.0000000e+01  -2.4100000e+02   1.0150000e+03
   1.8000000e+01  -2.4000000e+02   1.0150000e+03
   2.2000000e+01  -2.4500000e+02   1.0140000e+03
   2.1000000e+01  -2.4000000e+02   1.0140000e+03
   2.0000000e+01  -2.4300000e+02   1.0130000e+03
   1.8000000e+01  -2.3800000e+02   1.0140000e+03
   1.7000000e+01  -2.4400000e+02   1.0140000e+03
   1.8000000e+01  -2.3800000e+02   1.0100000e+03
   2.4000000e+01  -2.3900000e+02   1.0150000e+03
   2.4000000e+01  -2.3500000e+02   1.0160000e+03
  -1.0000000e+00  -2.3500000e+02   1.0010000e+03
   2.1000000e+01  -2.4300000e+02   1.0280000e+03
   2.7000000e+01  -2.3400000e+02   1.0090000e+03
   2.0000000e+01  -2.4700000e+02   1.0110000e+03
   2.6000000e+01  -2.3400000e+02   1.0120000e+03
   2.5000000e+01  -2.3600000e+02   1.0110000e+03
