   1.4300000e+02  -1.0300000e+02   1.0220000e+03
   1.4700000e+02  -1.0100000e+02   1.0260000e+03
   1.4200000e+02  -9.9000000e+01   1.0240000e+03
   1.4900000e+02  -8.5000000e+01   1.0260000e+03
   1.3800000e+02  -8.4000000e+01   1.0320000e+03
   1.3500000e+02  -7.5000000e+01   1.0240000e+03
   1.3900000e+02  -8.2000000e+01   1.0270000e+03
   1.3900000e+02  -9.0000000e+01   1.0300000e+03
   1.3700000e+02  -8.8000000e+01   1.0240000e+03
   1.4300000e+02  -8.3000000e+01   1.0270000e+03
   1.4300000e+02  -8.0000000e+01   1.0270000e+03
   1.4000000e+02  -7.3000000e+01   1.0280000e+03
   1.4200000e+02  -7.6000000e+01   1.0290000e+03
   1.3700000e+02  -8.3000000e+01   1.0290000e+03
   1.3800000e+02  -8.0000000e+01   1.0290000e+03
   1.3700000e+02  -8.6000000e+01   1.0290000e+03
   1.3300000e+02  -8.3000000e+01   1.0270000e+03
   1.3300000e+02  -8.8000000e+01   1.0290000e+03
   1.3100000e+02  -9.0000000e+01   1.0280000e+03
   1.3400000e+02  -8.9000000e+01   1.0290000e+03
   1.3200000e+02  -8.6000000e+01   1.0310000e+03
   1.3200000e+02  -8.1000000e+01   1.0280000e+03
   1.3600000e+02  -8.3000000e+01   1.0270000e+03
   1.3500000e+02  -8.1000000e+01   1.0280000e+03
   1.3500000e+02  -8.1000000e+01   1.0290000e+03
   1.3700000e+02  -7.7000000e+01   1.0290000e+03
   1.3500000e+02  -7.6000000e+01   1.0290000e+03
   1.4100000e+02  -7.1000000e+01   1.0310000e+03
   1.3500000e+02  -7.7000000e+01   1.0310000e+03
   1.2600000e+02  -7.6000000e+01   1.0260000e+03
   1.3100000e+02  -8.2000000e+01   1.0310000e+03
   1.2800000e+02  -8.0000000e+01   1.0310000e+03
   1.3100000e+02  -6.8000000e+01   1.0290000e+03
   1.2800000e+02  -6.1000000e+01   1.0280000e+03
   1.1800000e+02  -7.6000000e+01   1.0320000e+03
   1.0800000e+02  -7.5000000e+01   1.0340000e+03
   1.2700000e+02  -8.1000000e+01   1.0360000e+03
   1.1800000e+02  -8.5000000e+01   1.0300000e+03
   1.2100000e+02  -7.6000000e+01   1.0330000e+03
   1.1700000e+02  -7.6000000e+01   1.0300000e+03
   1.2500000e+02  -7.6000000e+01   1.0350000e+03
   1.2200000e+02  -6.8000000e+01   1.0290000e+03
   1.2100000e+02  -6.7000000e+01   1.0320000e+03
   1.2400000e+02  -7.2000000e+01   1.0340000e+03
   1.2000000e+02  -7.8000000e+01   1.0330000e+03
   1.1600000e+02  -7.0000000e+01   1.0300000e+03
   1.1400000e+02  -7.0000000e+01   1.0260000e+03
   1.1500000e+02  -8.2000000e+01   1.0300000e+03
   1.1500000e+02  -9.9000000e+01   1.0310000e+03
   1.1800000e+02  -8.2000000e+01   1.0260000e+03
   1.1500000e+02  -8.6000000e+01   1.0330000e+03
   1.1400000e+02  -8.2000000e+01   1.0290000e+03
   1.1700000e+02  -6.6000000e+01   1.0290000e+03
   1.1900000e+02  -7.1000000e+01   1.0290000e+03
   1.1700000e+02  -7.8000000e+01   1.0340000e+03
   1.1500000e+02  -8.0000000e+01   1.0300000e+03
   1.1700000e+02  -7.8000000e+01   1.0320000e+03
   1.1200000e+02  -7.8000000e+01   1.0300000e+03
   1.1200000e+02  -7.9000000e+01   1.0300000e+03
   1.1400000e+02  -8.1000000e+01   1.0330000e+03
   1.1600000e+02  -7.6000000e+01   1.0330000e+03
   1.1500000e+02  -7.3000000e+01   1.0310000e+03
   1.1300000e+02  -7.4000000e+01   1.0350000e+03
   1.1400000e+02  -7.4000000e+01   1.0320000e+03
   1.1200000e+02  -7.1000000e+01   1.0310000e+03
   1.1200000e+02  -6.5000000e+01   1.0290000e+03
   1.1200000e+02  -7.2000000e+01   1.0330000e+03
   1.0600000e+02  -7.6000000e+01   1.0290000e+03
   1.0900000e+02  -7.0000000e+01   1.0300000e+03
   1.1500000e+02  -7.8000000e+01   1.0340000e+03
   1.1200000e+02  -7.2000000e+01   1.0320000e+03
   1.1100000e+02  -6.8000000e+01   1.0300000e+03
   1.1100000e+02  -6.9000000e+01   1.0310000e+03
   1.1400000e+02  -7.8000000e+01   1.0360000e+03
   1.1000000e+02  -8.0000000e+01   1.0360000e+03
   1.1600000e+02  -7.1000000e+01   1.0360000e+03
   1.1800000e+02  -7.2000000e+01   1.0410000e+03
   1.0600000e+02  -8.3000000e+01   1.0390000e+03
   1.0900000e+02  -6.9000000e+01   1.0350000e+03
   1.1100000e+02  -7.2000000e+01   1.0370000e+03
   1.1300000e+02  -7.4000000e+01   1.0320000e+03
   1.1500000e+02  -7.5000000e+01   1.0330000e+03
   1.1000000e+02  -7.3000000e+01   1.0320000e+03
   1.1300000e+02  -7.2000000e+01   1.0330000e+03
   1.1500000e+02  -6.7000000e+01   1.0330000e+03
   1.0800000e+02  -7.2000000e+01   1.0330000e+03
   1.0700000e+02  -7.4000000e+01   1.0360000e+03
   1.1000000e+02  -7.1000000e+01   1.0350000e+03
   1.0500000e+02  -6.0000000e+01   1.0300000e+03
   1.0600000e+02  -6.9000000e+01   1.0340000e+03
   1.0600000e+02  -8.0000000e+01   1.0360000e+03
   1.0300000e+02  -8.1000000e+01   1.0310000e+03
   1.0800000e+02  -8.4000000e+01   1.0340000e+03
   1.0400000e+02  -8.7000000e+01   1.0330000e+03
   1.0200000e+02  -8.3000000e+01   1.0320000e+03
   1.0400000e+02  -8.3000000e+01   1.0330000e+03
