   1.8100000e+02   7.8000000e+01   9.7400000e+02
   2.1200000e+02   1.3700000e+02   9.9500000e+02
   2.2600000e+02   1.1000000e+02   1.0160000e+03
   2.1100000e+02   9.9000000e+01   1.0170000e+03
   1.7700000e+02   6.1000000e+01   1.0290000e+03
   1.3100000e+02   6.9000000e+01   9.9100000e+02
   1.1700000e+02   2.1000000e+01   1.0280000e+03
   1.2500000e+02  -1.4000000e+01   1.0200000e+03
   1.1700000e+02  -1.5000000e+01   1.0380000e+03
   1.1300000e+02  -3.7000000e+01   1.0300000e+03
   1.0900000e+02  -3.9000000e+01   1.0320000e+03
   1.6400000e+02  -3.2000000e+01   1.0360000e+03
   2.1100000e+02   0.0000000e+00   1.0090000e+03
   2.1000000e+02  -2.0000000e+01   1.0170000e+03
   1.9300000e+02  -2.9000000e+01   1.0350000e+03
   1.8800000e+02  -4.8000000e+01   1.0140000e+03
   1.5800000e+02  -6.8000000e+01   1.0380000e+03
   1.6100000e+02  -7.5000000e+01   1.0260000e+03
   1.5400000e+02  -8.3000000e+01   1.0250000e+03
   1.4000000e+02  -9.1000000e+01   1.0260000e+03
   9.4000000e+01  -1.0200000e+02   1.0300000e+03
   8.1000000e+01  -1.2200000e+02   1.0280000e+03
   8.3000000e+01  -1.1100000e+02   1.0330000e+03
   8.9000000e+01  -1.0800000e+02   1.0290000e+03
   9.0000000e+01  -1.0400000e+02   1.0290000e+03
   8.4000000e+01  -1.0900000e+02   1.0310000e+03
   8.8000000e+01  -1.0400000e+02   1.0310000e+03
   9.1000000e+01  -1.0200000e+02   1.0250000e+03
   8.3000000e+01  -1.0200000e+02   1.0270000e+03
   6.2000000e+01  -1.1800000e+02   1.0540000e+03
   6.1000000e+01  -1.1700000e+02   1.0330000e+03
   6.2000000e+01  -1.2300000e+02   1.0310000e+03
   6.1000000e+01  -1.2300000e+02   1.0320000e+03
   6.1000000e+01  -1.1600000e+02   1.0350000e+03
   6.5000000e+01  -1.3100000e+02   1.0330000e+03
   6.3000000e+01  -1.2300000e+02   1.0320000e+03
   6.4000000e+01  -1.3800000e+02   1.0320000e+03
   5.7000000e+01  -1.3200000e+02   1.0260000e+03
   3.9000000e+01  -1.4100000e+02   1.0350000e+03
   3.2000000e+01  -1.4700000e+02   1.0330000e+03
   1.5000000e+01  -1.5100000e+02   1.0200000e+03
   7.0000000e+00  -1.6100000e+02   1.0270000e+03
   2.0000000e+00  -1.5900000e+02   1.0290000e+03
  -1.0000000e+00  -1.4500000e+02   1.0390000e+03
   2.0000000e+01  -1.4700000e+02   1.0290000e+03
   2.6000000e+01  -1.4200000e+02   1.0320000e+03
   2.4000000e+01  -1.4800000e+02   1.0300000e+03
   1.4000000e+01  -1.4700000e+02   1.0250000e+03
   5.0000000e+00  -1.5400000e+02   1.0280000e+03
  -7.0000000e+00  -1.7400000e+02   1.0290000e+03
  -7.0000000e+00  -1.6700000e+02   1.0300000e+03
  -1.0000000e+01  -1.7800000e+02   1.0290000e+03
  -1.2000000e+01  -1.7300000e+02   1.0260000e+03
  -1.0000000e+01  -1.7200000e+02   1.0290000e+03
  -1.3000000e+01  -1.7300000e+02   1.0270000e+03
  -1.3000000e+01  -1.8000000e+02   1.0270000e+03
  -1.5000000e+01  -1.7400000e+02   1.0320000e+03
  -1.1000000e+01  -1.7600000e+02   1.0310000e+03
  -1.3000000e+01  -1.5600000e+02   1.0280000e+03
  -1.9000000e+01  -1.7200000e+02   1.0290000e+03
  -2.2000000e+01  -1.6700000e+02   1.0250000e+03
  -1.2000000e+01  -1.6300000e+02   1.0250000e+03
  -2.8000000e+01  -1.7000000e+02   1.0380000e+03
  -1.3000000e+01  -1.3700000e+02   1.0380000e+03
   6.0000000e+00  -9.9000000e+01   1.0310000e+03
  -1.8000000e+01  -1.1100000e+02   1.0280000e+03
  -3.2000000e+01  -1.2200000e+02   1.0360000e+03
  -2.4000000e+01  -1.2000000e+02   1.0390000e+03
  -3.1000000e+01  -1.0000000e+02   1.0420000e+03
  -1.5000000e+01  -1.1100000e+02   1.0470000e+03
  -2.9000000e+01  -1.3900000e+02   1.0380000e+03
  -3.1000000e+01  -9.2000000e+01   1.0360000e+03
   1.4000000e+01  -1.0400000e+02   1.0420000e+03
   1.5000000e+01  -6.3000000e+01   1.0480000e+03
   2.9000000e+01  -8.5000000e+01   1.0420000e+03
   2.1000000e+01  -9.7000000e+01   1.0450000e+03
   7.0000000e+00  -1.0000000e+02   1.0370000e+03
  -2.0000000e+00  -1.1300000e+02   1.0340000e+03
   8.0000000e+00  -1.1400000e+02   1.0280000e+03
   9.0000000e+00  -1.1300000e+02   1.0340000e+03
   2.0000000e+00  -1.2900000e+02   1.0380000e+03
  -3.0000000e+00  -1.3600000e+02   1.0330000e+03
  -3.0000000e+00  -1.4000000e+02   1.0330000e+03
  -5.0000000e+00  -1.4000000e+02   1.0270000e+03
  -1.2000000e+01  -1.5200000e+02   1.0240000e+03
  -2.7000000e+01  -1.7000000e+02   1.0290000e+03
  -3.5000000e+01  -1.7500000e+02   1.0280000e+03
  -3.8000000e+01  -1.8300000e+02   1.0230000e+03
  -3.7000000e+01  -1.7900000e+02   1.0310000e+03
  -4.1000000e+01  -1.8100000e+02   1.0300000e+03
  -4.4000000e+01  -1.8800000e+02   1.0250000e+03
  -4.4000000e+01  -1.8700000e+02   1.0250000e+03
  -4.9000000e+01  -1.8500000e+02   1.0270000e+03
  -4.9000000e+01  -1.8600000e+02   1.0220000e+03
  -5.1000000e+01  -1.8300000e+02   1.0260000e+03
  -4.8000000e+01  -1.8400000e+02   1.0250000e+03
