   1.6200000e+02   0.0000000e+00   1.0270000e+03
   1.6300000e+02  -2.9000000e+01   1.0310000e+03
   1.6400000e+02  -1.2000000e+01   1.0260000e+03
   1.5800000e+02  -1.1000000e+01   1.0250000e+03
   1.6600000e+02  -1.7000000e+01   1.0250000e+03
   1.5600000e+02  -2.6000000e+01   1.0270000e+03
   1.5400000e+02  -2.0000000e+01   1.0260000e+03
   1.6400000e+02  -1.8000000e+01   1.0280000e+03
   1.5700000e+02  -1.7000000e+01   1.0290000e+03
   1.5700000e+02  -1.6000000e+01   1.0290000e+03
   1.5400000e+02   2.0000000e+00   1.0320000e+03
   1.7200000e+02  -2.0000000e+00   1.0270000e+03
   1.5600000e+02   2.0000000e+00   1.0330000e+03
   1.4800000e+02  -1.6000000e+01   1.0230000e+03
   1.4600000e+02  -3.4000000e+01   1.0300000e+03
   1.4500000e+02  -4.0000000e+01   1.0270000e+03
   1.4800000e+02  -2.1000000e+01   1.0340000e+03
   1.4200000e+02  -1.4000000e+01   1.0280000e+03
   1.4700000e+02  -2.1000000e+01   1.0330000e+03
   1.4300000e+02  -3.1000000e+01   1.0320000e+03
   1.4200000e+02  -2.3000000e+01   1.0300000e+03
   1.4200000e+02  -2.9000000e+01   1.0290000e+03
   1.3300000e+02  -2.9000000e+01   1.0320000e+03
   1.3900000e+02  -2.6000000e+01   1.0330000e+03
   1.4400000e+02  -1.9000000e+01   1.0300000e+03
   1.4200000e+02  -2.0000000e+01   1.0360000e+03
   1.3600000e+02  -2.5000000e+01   1.0240000e+03
   1.4100000e+02  -4.1000000e+01   1.0300000e+03
   1.4200000e+02  -3.3000000e+01   1.0320000e+03
   1.4000000e+02  -2.5000000e+01   1.0320000e+03
   1.4100000e+02  -2.0000000e+01   1.0310000e+03
   1.4100000e+02  -2.2000000e+01   1.0340000e+03
   1.3900000e+02  -2.5000000e+01   1.0330000e+03
   1.3900000e+02  -2.5000000e+01   1.0310000e+03
   1.4600000e+02  -3.1000000e+01   1.0330000e+03
   1.4200000e+02  -3.4000000e+01   1.0300000e+03
   1.3800000e+02  -3.1000000e+01   1.0290000e+03
   1.4100000e+02  -2.9000000e+01   1.0280000e+03
   1.3800000e+02  -2.5000000e+01   1.0300000e+03
   1.3800000e+02  -2.8000000e+01   1.0310000e+03
   1.4000000e+02  -3.1000000e+01   1.0280000e+03
   1.3600000e+02  -2.4000000e+01   1.0310000e+03
   1.3600000e+02  -2.6000000e+01   1.0310000e+03
   1.3700000e+02  -2.1000000e+01   1.0310000e+03
   1.3600000e+02  -2.7000000e+01   1.0340000e+03
   1.3400000e+02  -2.5000000e+01   1.0280000e+03
   1.3600000e+02  -2.1000000e+01   1.0350000e+03
   1.3400000e+02  -2.4000000e+01   1.0320000e+03
   1.3500000e+02  -2.3000000e+01   1.0330000e+03
   1.3400000e+02  -2.2000000e+01   1.0340000e+03
   1.3600000e+02  -2.3000000e+01   1.0350000e+03
   1.3400000e+02  -1.8000000e+01   1.0270000e+03
   1.3500000e+02  -2.4000000e+01   1.0300000e+03
   1.3500000e+02  -2.0000000e+01   1.0280000e+03
   1.3400000e+02  -2.5000000e+01   1.0300000e+03
   1.3300000e+02  -2.5000000e+01   1.0280000e+03
   1.3600000e+02  -3.1000000e+01   1.0320000e+03
   1.3800000e+02  -3.0000000e+01   1.0310000e+03
   1.3600000e+02  -2.8000000e+01   1.0280000e+03
   1.3600000e+02  -2.9000000e+01   1.0350000e+03
   1.3500000e+02  -2.4000000e+01   1.0320000e+03
   1.3500000e+02  -2.0000000e+01   1.0340000e+03
   1.3400000e+02  -2.2000000e+01   1.0290000e+03
   1.3600000e+02  -2.8000000e+01   1.0290000e+03
   1.3400000e+02  -2.6000000e+01   1.0320000e+03
   1.3400000e+02  -2.5000000e+01   1.0300000e+03
   1.3800000e+02  -3.0000000e+01   1.0340000e+03
   1.3500000e+02  -2.4000000e+01   1.0340000e+03
   1.3600000e+02  -2.7000000e+01   1.0320000e+03
   1.3800000e+02  -3.0000000e+01   1.0320000e+03
   1.3400000e+02  -2.5000000e+01   1.0310000e+03
   1.3400000e+02  -2.9000000e+01   1.0290000e+03
   1.3000000e+02  -2.1000000e+01   1.0310000e+03
   1.3300000e+02  -2.9000000e+01   1.0300000e+03
   1.3100000e+02  -2.6000000e+01   1.0320000e+03
   1.3200000e+02  -2.8000000e+01   1.0340000e+03
   1.3000000e+02  -3.3000000e+01   1.0310000e+03
   1.2900000e+02  -3.3000000e+01   1.0330000e+03
   1.2800000e+02  -3.2000000e+01   1.0320000e+03
   1.3100000e+02  -2.6000000e+01   1.0340000e+03
   1.3300000e+02  -2.9000000e+01   1.0310000e+03
   1.3300000e+02  -3.0000000e+01   1.0340000e+03
   1.3500000e+02  -2.7000000e+01   1.0290000e+03
   1.3700000e+02  -2.7000000e+01   1.0320000e+03
   1.3100000e+02  -2.2000000e+01   1.0320000e+03
   1.3000000e+02  -2.7000000e+01   1.0360000e+03
   1.2800000e+02  -2.5000000e+01   1.0370000e+03
   1.3000000e+02  -2.2000000e+01   1.0380000e+03
   1.3000000e+02  -2.5000000e+01   1.0310000e+03
   1.3000000e+02  -3.2000000e+01   1.0340000e+03
   1.2700000e+02  -2.7000000e+01   1.0320000e+03
   1.3000000e+02  -3.0000000e+01   1.0330000e+03
   1.3200000e+02  -2.9000000e+01   1.0300000e+03
   1.3100000e+02  -2.9000000e+01   1.0320000e+03
   1.2900000e+02  -2.6000000e+01   1.0330000e+03
   1.2700000e+02  -2.5000000e+01   1.0350000e+03
