  -2.8200000e+02  -8.0600000e+02   6.0200000e+02
  -1.7100000e+02  -8.2000000e+02   5.7000000e+02
  -2.2100000e+02  -9.5700000e+02   4.5800000e+02
  -1.5800000e+02  -8.8700000e+02   4.8200000e+02
  -1.3700000e+02  -8.5800000e+02   4.9200000e+02
  -1.2100000e+02  -9.6500000e+02   4.9300000e+02
  -1.4400000e+02  -9.4100000e+02   5.6400000e+02
  -1.9300000e+02  -8.7300000e+02   4.4100000e+02
  -2.0800000e+02  -9.9800000e+02   3.3100000e+02
  -2.2900000e+02  -9.8900000e+02   2.6700000e+02
  -2.0400000e+02  -9.8300000e+02   3.4600000e+02
  -2.2700000e+02  -9.9200000e+02   2.9600000e+02
  -1.8500000e+02  -9.7500000e+02   2.9800000e+02
  -1.4900000e+02  -9.7500000e+02   2.5600000e+02
  -1.3100000e+02  -1.0290000e+03   2.1100000e+02
  -1.0800000e+02  -1.0140000e+03   1.5900000e+02
  -1.6500000e+02  -1.0090000e+03   1.8500000e+02
  -2.0400000e+02  -1.0040000e+03   2.1100000e+02
  -2.0200000e+02  -9.7200000e+02   1.8900000e+02
  -8.6000000e+01  -1.0290000e+03   6.2000000e+01
  -6.9000000e+01  -1.0170000e+03   1.7900000e+02
  -7.0000000e+01  -9.6500000e+02   2.1500000e+02
  -1.2000000e+02  -1.0250000e+03   1.3500000e+02
  -1.8100000e+02  -1.0270000e+03   2.5000000e+02
  -2.2100000e+02  -9.5700000e+02   2.9900000e+02
  -2.1100000e+02  -9.5700000e+02   2.9200000e+02
  -2.0500000e+02  -1.0330000e+03   2.7200000e+02
  -1.6400000e+02  -9.8500000e+02   1.8600000e+02
  -1.7700000e+02  -1.0200000e+03   1.2700000e+02
  -2.1800000e+02  -1.0470000e+03   1.7700000e+02
  -1.9800000e+02  -9.2600000e+02   3.1500000e+02
  -1.9000000e+02  -1.0120000e+03   2.1300000e+02
  -1.7600000e+02  -1.0370000e+03   1.2700000e+02
  -1.8200000e+02  -1.0150000e+03   1.5500000e+02
  -1.7500000e+02  -9.1800000e+02   3.2100000e+02
  -1.8400000e+02  -9.5000000e+02   3.7300000e+02
  -1.6300000e+02  -1.0090000e+03   1.8000000e+02
  -1.5600000e+02  -1.0260000e+03   1.5200000e+02
  -1.5900000e+02  -9.8900000e+02   2.5300000e+02
  -1.6900000e+02  -9.2100000e+02   3.2700000e+02
  -1.6400000e+02  -9.7200000e+02   3.0700000e+02
  -1.4500000e+02  -1.0500000e+03   1.8100000e+02
  -1.3300000e+02  -1.0300000e+03   1.6900000e+02
  -1.4400000e+02  -9.9300000e+02   2.4200000e+02
  -1.4700000e+02  -9.6000000e+02   2.8100000e+02
  -1.5800000e+02  -9.9300000e+02   2.9500000e+02
  -1.4700000e+02  -9.5500000e+02   2.1900000e+02
  -1.7800000e+02  -1.0580000e+03   2.4900000e+02
  -1.6700000e+02  -1.0610000e+03   1.0200000e+02
  -2.3800000e+02  -1.0650000e+03   3.6000000e+01
  -2.2500000e+02  -1.0340000e+03   1.8300000e+02
  -2.4300000e+02  -9.6200000e+02   2.3900000e+02
  -2.1700000e+02  -9.9100000e+02   2.1800000e+02
  -2.3300000e+02  -1.0160000e+03   1.4100000e+02
  -2.3200000e+02  -1.0200000e+03   1.4400000e+02
  -2.2200000e+02  -9.8400000e+02   2.2500000e+02
  -2.2500000e+02  -9.9200000e+02   2.4900000e+02
  -2.1300000e+02  -9.6200000e+02   2.7500000e+02
  -2.0300000e+02  -1.0300000e+03   2.1100000e+02
  -1.9000000e+02  -1.0000000e+03   1.0600000e+02
  -1.8600000e+02  -1.0200000e+03   8.8000000e+01
  -1.8100000e+02  -1.0030000e+03   8.5000000e+01
  -1.9500000e+02  -1.0250000e+03   1.1700000e+02
  -2.0100000e+02  -1.0110000e+03   7.3000000e+01
  -2.0100000e+02  -1.0350000e+03   9.2000000e+01
  -2.2300000e+02  -1.0070000e+03   1.5100000e+02
  -2.1500000e+02  -1.0030000e+03   2.7600000e+02
  -2.2800000e+02  -9.8300000e+02   1.5200000e+02
  -2.2500000e+02  -1.0380000e+03  -2.4900000e+02
  -2.1500000e+02  -1.0190000e+03   5.3000000e+01
  -2.2400000e+02  -9.8000000e+02   3.4200000e+02
  -2.3100000e+02  -9.9500000e+02   2.3300000e+02
  -2.1500000e+02  -1.0080000e+03   1.9500000e+02
  -2.0400000e+02  -9.9600000e+02   1.9200000e+02
  -1.9500000e+02  -9.8900000e+02   2.1600000e+02
  -2.0400000e+02  -9.7800000e+02   2.2700000e+02
  -1.9500000e+02  -9.9800000e+02   2.3900000e+02
  -1.9000000e+02  -9.9900000e+02   2.2300000e+02
  -1.9500000e+02  -1.0100000e+03   2.2500000e+02
  -1.8300000e+02  -8.9000000e+02   2.2200000e+02
  -1.9900000e+02  -1.0600000e+03   2.6800000e+02
  -1.8500000e+02  -1.0100000e+03   2.6900000e+02
  -1.8400000e+02  -9.7300000e+02   2.6600000e+02
  -1.6800000e+02  -9.9200000e+02   2.8900000e+02
  -1.5600000e+02  -1.0020000e+03   2.4600000e+02
  -1.5600000e+02  -9.9700000e+02   2.5300000e+02
  -1.5200000e+02  -1.0040000e+03   2.4300000e+02
  -1.4000000e+02  -1.0280000e+03   2.6400000e+02
  -1.5300000e+02  -9.6500000e+02   2.6800000e+02
  -1.3800000e+02  -9.9900000e+02   2.7700000e+02
  -1.2900000e+02  -1.0030000e+03   2.7100000e+02
  -1.2500000e+02  -9.6800000e+02   2.7100000e+02
  -1.2800000e+02  -1.0130000e+03   2.4600000e+02
  -1.2000000e+02  -9.9200000e+02   2.5700000e+02
  -1.2500000e+02  -9.8200000e+02   2.6000000e+02
  -1.2300000e+02  -9.8900000e+02   2.5300000e+02
