  -1.5700000e+02  -9.3000000e+02   3.7500000e+02
  -9.7000000e+01  -9.6000000e+02   3.8500000e+02
  -1.0400000e+02  -9.6300000e+02   3.7600000e+02
  -1.0000000e+02  -9.6100000e+02   3.6600000e+02
  -1.0000000e+02  -9.5900000e+02   3.7600000e+02
  -1.0200000e+02  -9.7000000e+02   3.6800000e+02
  -9.8000000e+01  -9.7100000e+02   3.6600000e+02
  -8.2000000e+01  -9.6300000e+02   3.7000000e+02
  -8.7000000e+01  -9.8900000e+02   3.2300000e+02
  -7.2000000e+01  -9.7200000e+02   3.3900000e+02
  -8.4000000e+01  -9.7600000e+02   3.2300000e+02
  -8.2000000e+01  -9.7900000e+02   3.5800000e+02
  -9.7000000e+01  -9.6600000e+02   3.7500000e+02
  -8.0000000e+01  -9.6300000e+02   3.5600000e+02
  -8.0000000e+01  -9.6600000e+02   3.4600000e+02
  -9.7000000e+01  -9.6400000e+02   3.6500000e+02
  -9.2000000e+01  -1.0280000e+03   3.5800000e+02
  -8.3000000e+01  -9.3300000e+02   4.0000000e+02
  -7.0000000e+01  -9.8100000e+02   3.8400000e+02
  -7.1000000e+01  -9.5500000e+02   3.4500000e+02
  -6.5000000e+01  -9.5400000e+02   3.7700000e+02
  -7.4000000e+01  -9.6100000e+02   3.7200000e+02
  -7.9000000e+01  -9.8100000e+02   3.6900000e+02
  -7.9000000e+01  -9.7800000e+02   3.8100000e+02
  -6.4000000e+01  -9.7500000e+02   3.5500000e+02
  -6.8000000e+01  -9.7500000e+02   3.6100000e+02
  -7.2000000e+01  -9.7900000e+02   3.5800000e+02
  -6.4000000e+01  -9.4500000e+02   3.6300000e+02
  -6.7000000e+01  -9.6800000e+02   3.3400000e+02
  -6.7000000e+01  -9.8500000e+02   3.3800000e+02
  -7.3000000e+01  -9.7200000e+02   3.4500000e+02
  -7.3000000e+01  -9.8200000e+02   3.5600000e+02
  -7.5000000e+01  -9.8300000e+02   3.4600000e+02
  -7.4000000e+01  -9.7400000e+02   3.5100000e+02
  -7.2000000e+01  -9.7900000e+02   3.5100000e+02
  -6.9000000e+01  -9.5300000e+02   3.4500000e+02
  -7.1000000e+01  -9.8100000e+02   3.6000000e+02
  -6.8000000e+01  -9.7500000e+02   3.5300000e+02
  -7.7000000e+01  -9.9100000e+02   3.4700000e+02
  -7.7000000e+01  -9.7400000e+02   3.5000000e+02
  -7.7000000e+01  -9.7400000e+02   3.5500000e+02
  -7.8000000e+01  -9.8000000e+02   3.4200000e+02
  -8.5000000e+01  -9.8200000e+02   3.4600000e+02
  -8.5000000e+01  -9.9000000e+02   3.4500000e+02
  -9.3000000e+01  -9.7800000e+02   3.3800000e+02
  -9.2000000e+01  -9.7700000e+02   3.3200000e+02
  -9.0000000e+01  -9.8600000e+02   3.2300000e+02
  -8.9000000e+01  -9.8800000e+02   3.1700000e+02
  -9.4000000e+01  -9.7500000e+02   3.3100000e+02
  -9.2000000e+01  -9.8100000e+02   3.1700000e+02
  -1.0000000e+02  -9.7700000e+02   3.1600000e+02
  -1.0100000e+02  -9.7800000e+02   3.1400000e+02
  -1.0200000e+02  -9.7400000e+02   3.2500000e+02
  -9.6000000e+01  -9.7900000e+02   3.2100000e+02
  -1.0400000e+02  -9.7500000e+02   3.1600000e+02
  -1.0400000e+02  -9.8000000e+02   3.1300000e+02
  -1.0400000e+02  -9.7300000e+02   3.1200000e+02
  -1.0600000e+02  -9.9000000e+02   3.1700000e+02
  -9.6000000e+01  -9.7100000e+02   3.1400000e+02
  -1.0300000e+02  -9.8100000e+02   3.0800000e+02
  -1.0700000e+02  -1.0000000e+03   3.0300000e+02
  -1.0400000e+02  -9.8900000e+02   3.1200000e+02
  -1.0100000e+02  -9.7700000e+02   3.1100000e+02
  -1.0700000e+02  -9.8900000e+02   3.1800000e+02
  -1.0700000e+02  -9.8300000e+02   3.1300000e+02
  -1.0400000e+02  -9.8300000e+02   3.1300000e+02
  -1.1000000e+02  -9.7800000e+02   3.1700000e+02
  -1.1200000e+02  -9.7500000e+02   3.1300000e+02
  -1.1200000e+02  -9.8200000e+02   3.1100000e+02
  -1.0400000e+02  -9.8600000e+02   3.2000000e+02
  -1.0700000e+02  -9.8500000e+02   3.0700000e+02
  -1.0500000e+02  -9.9200000e+02   3.1600000e+02
  -1.0000000e+02  -9.9600000e+02   3.0800000e+02
  -9.5000000e+01  -9.8000000e+02   2.9600000e+02
  -1.0200000e+02  -1.0030000e+03   2.9400000e+02
  -1.0600000e+02  -9.9300000e+02   2.7000000e+02
  -1.1000000e+02  -1.0120000e+03   2.3700000e+02
  -1.0700000e+02  -1.0100000e+03   2.2500000e+02
  -1.0700000e+02  -9.9300000e+02   2.3300000e+02
  -1.0900000e+02  -1.0140000e+03   2.3600000e+02
  -1.2100000e+02  -1.0140000e+03   2.0500000e+02
  -1.2800000e+02  -1.0110000e+03   2.1500000e+02
  -1.3700000e+02  -1.0200000e+03   2.1800000e+02
  -1.1800000e+02  -9.9800000e+02   2.2700000e+02
  -1.3100000e+02  -1.0140000e+03   2.2100000e+02
  -1.1400000e+02  -9.8900000e+02   2.4600000e+02
  -1.2900000e+02  -1.0090000e+03   2.1800000e+02
  -1.3900000e+02  -1.0030000e+03   2.3300000e+02
  -1.4800000e+02  -1.0010000e+03   2.2700000e+02
  -1.4600000e+02  -1.0020000e+03   2.2800000e+02
  -1.3500000e+02  -1.0020000e+03   2.5500000e+02
  -1.5100000e+02  -1.0110000e+03   2.3200000e+02
  -1.4100000e+02  -1.0040000e+03   2.4400000e+02
  -1.4500000e+02  -1.0040000e+03   2.4500000e+02
  -1.3300000e+02  -9.9500000e+02   2.4900000e+02
  -1.3100000e+02  -9.9900000e+02   2.6200000e+02
