  -1.1200000e+02  -1.0030000e+03   2.6700000e+02
  -1.0700000e+02  -1.0010000e+03   2.6700000e+02
  -1.1700000e+02  -1.0000000e+03   2.6600000e+02
  -1.1300000e+02  -9.8800000e+02   2.8300000e+02
  -1.1300000e+02  -9.8900000e+02   2.6700000e+02
  -1.1900000e+02  -9.9200000e+02   2.6500000e+02
  -1.1200000e+02  -9.9300000e+02   2.5400000e+02
  -1.1000000e+02  -9.9900000e+02   2.6600000e+02
  -1.1500000e+02  -9.9100000e+02   2.6600000e+02
  -1.1200000e+02  -9.9200000e+02   2.6000000e+02
  -1.1800000e+02  -1.0020000e+03   2.5500000e+02
  -1.1800000e+02  -9.8800000e+02   2.6200000e+02
  -1.1300000e+02  -9.8000000e+02   2.8300000e+02
  -1.3400000e+02  -9.6600000e+02   2.8600000e+02
  -1.2700000e+02  -1.0010000e+03   2.6700000e+02
  -1.2900000e+02  -9.8800000e+02   2.8300000e+02
  -1.8400000e+02  -1.0640000e+03   2.6700000e+02
  -1.3100000e+02  -9.9400000e+02   3.0900000e+02
  -1.2800000e+02  -1.0210000e+03   2.9600000e+02
  -1.0700000e+02  -9.8000000e+02   2.9900000e+02
  -1.1400000e+02  -9.9200000e+02   2.8400000e+02
  -1.1700000e+02  -1.0280000e+03   2.4600000e+02
  -1.0100000e+02  -9.7400000e+02   3.0500000e+02
  -1.0700000e+02  -9.9700000e+02   2.7500000e+02
  -9.9000000e+01  -9.8900000e+02   2.8800000e+02
  -1.1000000e+02  -1.0150000e+03   2.8200000e+02
  -1.0500000e+02  -9.9500000e+02   2.8200000e+02
  -1.0600000e+02  -1.0080000e+03   2.6600000e+02
  -1.2000000e+02  -1.0050000e+03   2.6500000e+02
  -2.5800000e+02  -1.0160000e+03   1.9600000e+02
  -2.9100000e+02  -9.8300000e+02   1.4700000e+02
  -2.6600000e+02  -9.8500000e+02   1.5800000e+02
  -2.7600000e+02  -9.9000000e+02   1.5000000e+02
  -2.5400000e+02  -9.7500000e+02   1.8200000e+02
  -2.4700000e+02  -9.7400000e+02   1.6300000e+02
  -2.3000000e+02  -1.0020000e+03   1.6100000e+02
  -2.3300000e+02  -1.0150000e+03   1.6800000e+02
  -2.5300000e+02  -1.0240000e+03   1.6900000e+02
  -2.3000000e+02  -9.9400000e+02   1.8000000e+02
  -2.0800000e+02  -1.0010000e+03   1.6200000e+02
  -1.7800000e+02  -9.8400000e+02   2.5400000e+02
  -1.6900000e+02  -9.7000000e+02   2.6300000e+02
  -1.5900000e+02  -9.8600000e+02   2.5100000e+02
  -1.8000000e+02  -9.8700000e+02   2.6700000e+02
  -1.7400000e+02  -9.8500000e+02   2.6700000e+02
  -1.8200000e+02  -9.9300000e+02   2.5900000e+02
  -1.8300000e+02  -9.9800000e+02   2.6900000e+02
  -1.7400000e+02  -9.8600000e+02   2.7300000e+02
  -1.7100000e+02  -9.9500000e+02   2.6500000e+02
  -1.7000000e+02  -9.9200000e+02   2.7600000e+02
  -1.6900000e+02  -9.7800000e+02   3.0200000e+02
  -1.6400000e+02  -9.7400000e+02   2.9000000e+02
  -1.6300000e+02  -9.7500000e+02   3.0000000e+02
  -1.7300000e+02  -9.8100000e+02   2.9800000e+02
  -1.6900000e+02  -9.7500000e+02   3.1200000e+02
  -1.7100000e+02  -9.6800000e+02   3.2200000e+02
  -1.6300000e+02  -9.6800000e+02   3.2200000e+02
  -1.6800000e+02  -9.8000000e+02   3.2700000e+02
  -1.6700000e+02  -9.7000000e+02   3.2000000e+02
  -1.6700000e+02  -9.7600000e+02   3.2000000e+02
  -1.6900000e+02  -9.7500000e+02   3.1800000e+02
  -1.7200000e+02  -9.7100000e+02   3.1700000e+02
  -1.6200000e+02  -9.7400000e+02   3.1800000e+02
  -1.6700000e+02  -9.7500000e+02   3.2400000e+02
  -1.7800000e+02  -1.0130000e+03   3.2100000e+02
  -1.3200000e+02  -9.9600000e+02   2.9700000e+02
  -1.0600000e+02  -9.6500000e+02   3.4100000e+02
  -1.2700000e+02  -9.7400000e+02   3.4300000e+02
  -1.1100000e+02  -9.8700000e+02   3.4600000e+02
  -1.1100000e+02  -9.7400000e+02   3.5100000e+02
  -8.7000000e+01  -9.5200000e+02   3.4000000e+02
  -6.5000000e+01  -9.6800000e+02   3.9800000e+02
  -6.7000000e+01  -9.4600000e+02   3.9100000e+02
  -7.1000000e+01  -9.5800000e+02   4.0100000e+02
  -6.8000000e+01  -9.5600000e+02   4.0200000e+02
  -7.4000000e+01  -9.6300000e+02   3.9200000e+02
  -6.7000000e+01  -9.5700000e+02   3.9300000e+02
  -7.0000000e+01  -9.6000000e+02   3.9000000e+02
  -6.7000000e+01  -9.6700000e+02   3.6400000e+02
  -6.9000000e+01  -9.6500000e+02   3.7000000e+02
  -7.5000000e+01  -9.7400000e+02   3.7200000e+02
  -7.5000000e+01  -9.6500000e+02   3.7800000e+02
  -7.2000000e+01  -9.6500000e+02   3.7200000e+02
  -7.1000000e+01  -9.6300000e+02   3.8300000e+02
  -7.3000000e+01  -9.6700000e+02   3.7500000e+02
  -7.3000000e+01  -9.6700000e+02   3.7600000e+02
  -7.7000000e+01  -9.6000000e+02   3.7700000e+02
  -7.6000000e+01  -9.6100000e+02   3.7900000e+02
  -7.1000000e+01  -9.6000000e+02   3.8100000e+02
  -7.6000000e+01  -9.6400000e+02   3.8500000e+02
  -8.1000000e+01  -9.6600000e+02   3.7200000e+02
  -7.6000000e+01  -9.6900000e+02   3.7100000e+02
  -8.3000000e+01  -9.6800000e+02   3.7100000e+02
  -7.9000000e+01  -9.6300000e+02   3.7100000e+02
  -8.1000000e+01  -9.6200000e+02   3.8200000e+02
  -9.9000000e+01  -9.7600000e+02   3.6300000e+02
