  -2.3600000e+02  -9.8400000e+02   3.0800000e+02
  -1.7900000e+02  -9.6800000e+02   3.1500000e+02
  -1.5400000e+02  -9.5800000e+02   2.9100000e+02
  -1.5000000e+02  -9.3600000e+02   2.4500000e+02
  -1.7200000e+02  -9.6900000e+02   2.7200000e+02
  -1.8000000e+02  -9.7400000e+02   2.9800000e+02
  -2.1500000e+02  -9.7900000e+02   3.4700000e+02
  -2.0500000e+02  -9.5900000e+02   3.1600000e+02
  -2.0700000e+02  -9.7200000e+02   3.1600000e+02
  -2.0500000e+02  -9.7000000e+02   3.2700000e+02
  -2.1000000e+02  -9.7300000e+02   3.3600000e+02
  -2.0800000e+02  -9.4500000e+02   3.4300000e+02
  -1.9900000e+02  -9.7100000e+02   3.5300000e+02
  -1.9300000e+02  -9.5500000e+02   3.7300000e+02
  -2.3300000e+02  -9.8500000e+02   3.7100000e+02
  -2.0000000e+02  -9.6900000e+02   3.7200000e+02
  -1.9700000e+02  -9.7400000e+02   3.4400000e+02
  -2.0700000e+02  -9.7100000e+02   3.4400000e+02
  -2.0200000e+02  -9.5300000e+02   3.5800000e+02
  -2.1300000e+02  -9.5900000e+02   3.3900000e+02
  -2.1300000e+02  -9.6100000e+02   3.4100000e+02
  -2.2300000e+02  -9.5900000e+02   3.3800000e+02
  -2.0600000e+02  -9.4800000e+02   3.5700000e+02
  -2.0500000e+02  -9.5200000e+02   3.5700000e+02
  -1.9800000e+02  -9.5400000e+02   3.2800000e+02
  -1.7100000e+02  -9.4000000e+02   3.9600000e+02
  -1.7800000e+02  -9.8000000e+02   4.0200000e+02
  -1.7700000e+02  -9.9800000e+02   3.7600000e+02
  -1.5000000e+02  -9.4700000e+02   3.6500000e+02
  -1.5500000e+02  -9.4800000e+02   3.6400000e+02
  -1.8000000e+02  -9.5500000e+02   3.0900000e+02
  -1.9600000e+02  -9.7500000e+02   3.0100000e+02
  -1.9200000e+02  -9.6000000e+02   2.9500000e+02
  -1.9000000e+02  -9.7300000e+02   2.7700000e+02
  -1.8900000e+02  -9.7400000e+02   2.7800000e+02
  -1.8700000e+02  -9.8300000e+02   2.8400000e+02
  -1.8300000e+02  -9.8200000e+02   3.0700000e+02
  -1.7600000e+02  -9.7600000e+02   3.0200000e+02
  -1.9000000e+02  -9.7300000e+02   3.1100000e+02
  -2.0300000e+02  -9.6500000e+02   2.9300000e+02
  -1.8900000e+02  -9.7000000e+02   3.2500000e+02
  -1.5800000e+02  -9.4700000e+02   3.4600000e+02
  -1.6700000e+02  -9.7800000e+02   3.5300000e+02
  -1.7100000e+02  -9.6700000e+02   3.5700000e+02
  -1.7200000e+02  -9.8400000e+02   3.3500000e+02
  -1.6200000e+02  -9.5000000e+02   3.4400000e+02
  -1.7000000e+02  -9.6100000e+02   3.5800000e+02
  -1.7300000e+02  -9.7700000e+02   3.6200000e+02
  -1.8000000e+02  -9.6200000e+02   3.5000000e+02
  -1.8600000e+02  -1.0080000e+03   3.4500000e+02
  -1.7400000e+02  -9.5700000e+02   3.6000000e+02
  -1.6900000e+02  -9.6600000e+02   3.5600000e+02
  -1.6400000e+02  -9.6600000e+02   3.5400000e+02
  -1.7000000e+02  -9.5900000e+02   3.5800000e+02
  -1.7100000e+02  -9.6700000e+02   3.7100000e+02
  -1.7300000e+02  -9.5200000e+02   3.6600000e+02
  -1.7100000e+02  -9.6400000e+02   3.6300000e+02
  -1.7000000e+02  -9.5600000e+02   3.5700000e+02
  -1.7300000e+02  -9.5800000e+02   3.6200000e+02
  -1.8100000e+02  -9.6500000e+02   3.5400000e+02
  -1.7700000e+02  -9.6500000e+02   3.5100000e+02
  -1.7800000e+02  -9.5500000e+02   3.5200000e+02
  -1.9500000e+02  -9.7700000e+02   3.4400000e+02
  -1.9400000e+02  -9.6100000e+02   3.6000000e+02
  -1.8900000e+02  -9.6600000e+02   3.4300000e+02
  -1.7000000e+02  -9.8200000e+02   3.5600000e+02
  -1.5400000e+02  -9.5800000e+02   3.5600000e+02
  -1.5200000e+02  -9.8000000e+02   3.4800000e+02
  -1.5800000e+02  -9.5700000e+02   3.5600000e+02
  -1.5300000e+02  -9.7100000e+02   3.5100000e+02
  -1.4600000e+02  -9.6000000e+02   3.6800000e+02
  -1.6900000e+02  -9.4000000e+02   4.1400000e+02
  -1.5300000e+02  -9.4500000e+02   4.0300000e+02
  -1.6200000e+02  -9.6300000e+02   3.5900000e+02
  -1.5800000e+02  -9.5900000e+02   3.5500000e+02
  -1.5700000e+02  -9.7000000e+02   3.5100000e+02
  -1.5300000e+02  -9.5600000e+02   3.6600000e+02
  -1.5800000e+02  -9.6400000e+02   3.5200000e+02
  -1.5700000e+02  -9.6600000e+02   3.6000000e+02
  -1.5000000e+02  -9.6500000e+02   3.6500000e+02
  -1.5400000e+02  -9.5500000e+02   3.6000000e+02
  -1.7000000e+02  -9.7300000e+02   3.6500000e+02
  -1.6000000e+02  -9.6000000e+02   3.6200000e+02
  -1.6900000e+02  -9.7700000e+02   3.5300000e+02
  -1.5500000e+02  -9.5700000e+02   3.4900000e+02
  -1.5400000e+02  -9.6400000e+02   3.6800000e+02
  -1.5500000e+02  -9.4700000e+02   3.5600000e+02
  -1.6000000e+02  -9.6500000e+02   3.8000000e+02
  -1.5000000e+02  -9.5300000e+02   3.7900000e+02
  -1.5400000e+02  -9.5300000e+02   3.7900000e+02
  -1.5700000e+02  -9.6100000e+02   3.6700000e+02
  -1.6000000e+02  -9.5200000e+02   3.6800000e+02
  -1.5900000e+02  -9.5700000e+02   3.7700000e+02
  -1.6000000e+02  -9.5600000e+02   3.6900000e+02
  -1.6100000e+02  -9.5800000e+02   3.6000000e+02
  -1.6200000e+02  -9.5200000e+02   3.7000000e+02
