  -5.9000000e+01  -9.3100000e+02   4.8800000e+02
  -7.6000000e+01  -9.2200000e+02   4.7400000e+02
  -7.3000000e+01  -9.3600000e+02   4.6100000e+02
  -7.4000000e+01  -9.1200000e+02   4.7600000e+02
  -6.5000000e+01  -9.4300000e+02   4.1900000e+02
  -9.1000000e+01  -9.2500000e+02   4.6900000e+02
  -5.9000000e+01  -9.6400000e+02   3.7000000e+02
  -7.7000000e+01  -9.5000000e+02   4.0800000e+02
  -9.0000000e+01  -9.8300000e+02   3.8800000e+02
  -7.1000000e+01  -9.3600000e+02   3.9800000e+02
  -8.8000000e+01  -9.6500000e+02   3.8100000e+02
  -7.3000000e+01  -9.5100000e+02   3.9900000e+02
  -7.9000000e+01  -9.3000000e+02   4.1100000e+02
  -9.3000000e+01  -9.6900000e+02   3.8200000e+02
  -7.7000000e+01  -9.6100000e+02   3.8000000e+02
  -8.4000000e+01  -9.5400000e+02   3.8900000e+02
  -7.8000000e+01  -9.5800000e+02   3.9300000e+02
  -8.0000000e+01  -9.6400000e+02   3.9200000e+02
  -8.2000000e+01  -9.5700000e+02   3.8900000e+02
  -9.0000000e+01  -9.5700000e+02   3.9900000e+02
  -8.9000000e+01  -9.5800000e+02   4.0500000e+02
  -7.9000000e+01  -9.5400000e+02   3.9700000e+02
  -8.3000000e+01  -9.5400000e+02   4.0700000e+02
  -8.2000000e+01  -9.6400000e+02   3.9300000e+02
  -8.5000000e+01  -9.4500000e+02   4.0500000e+02
  -9.4000000e+01  -9.5300000e+02   3.9800000e+02
  -9.5000000e+01  -9.6900000e+02   3.9300000e+02
  -9.3000000e+01  -9.5600000e+02   3.9200000e+02
  -8.4000000e+01  -9.4300000e+02   3.9400000e+02
  -9.2000000e+01  -9.5200000e+02   3.9500000e+02
  -9.9000000e+01  -9.5500000e+02   3.8800000e+02
  -9.7000000e+01  -9.5900000e+02   3.9200000e+02
  -1.0100000e+02  -9.5200000e+02   3.8900000e+02
  -1.0300000e+02  -9.4400000e+02   3.9600000e+02
  -1.0900000e+02  -9.5800000e+02   3.9900000e+02
  -9.9000000e+01  -9.3700000e+02   3.9700000e+02
  -1.0100000e+02  -9.3700000e+02   3.9800000e+02
  -1.0400000e+02  -9.5400000e+02   3.9300000e+02
  -1.0400000e+02  -9.4900000e+02   3.9900000e+02
  -1.0300000e+02  -9.5800000e+02   3.9000000e+02
  -1.0700000e+02  -9.5600000e+02   3.9500000e+02
  -1.0600000e+02  -9.5200000e+02   4.0300000e+02
  -1.0600000e+02  -9.5800000e+02   4.0000000e+02
  -1.0200000e+02  -9.5600000e+02   3.9900000e+02
  -1.0500000e+02  -9.5500000e+02   4.1000000e+02
  -1.0200000e+02  -9.5400000e+02   4.0200000e+02
  -1.1900000e+02  -9.6400000e+02   4.2100000e+02
  -1.0100000e+02  -9.4400000e+02   4.1000000e+02
  -1.0200000e+02  -9.5700000e+02   4.1100000e+02
  -9.3000000e+01  -9.3900000e+02   4.0600000e+02
  -1.0400000e+02  -9.3800000e+02   4.2000000e+02
  -1.0500000e+02  -9.4600000e+02   4.1800000e+02
  -1.0400000e+02  -9.5100000e+02   4.1400000e+02
  -1.0400000e+02  -9.4600000e+02   4.1500000e+02
  -1.1300000e+02  -9.6200000e+02   4.1300000e+02
  -1.0800000e+02  -9.5300000e+02   4.0700000e+02
  -1.0700000e+02  -9.4700000e+02   4.1400000e+02
  -1.0900000e+02  -9.6200000e+02   4.0700000e+02
  -1.0300000e+02  -9.4900000e+02   4.0600000e+02
  -1.0300000e+02  -9.4200000e+02   4.1400000e+02
  -1.0600000e+02  -9.5000000e+02   4.1200000e+02
  -1.0300000e+02  -9.4800000e+02   4.1200000e+02
  -1.0300000e+02  -9.5700000e+02   4.1200000e+02
  -1.0300000e+02  -9.3600000e+02   4.1700000e+02
  -1.0700000e+02  -9.6000000e+02   4.1300000e+02
  -1.0500000e+02  -9.5300000e+02   4.0900000e+02
  -1.0200000e+02  -9.5300000e+02   4.0400000e+02
  -1.0500000e+02  -9.4900000e+02   4.1100000e+02
  -1.0200000e+02  -9.3600000e+02   4.1300000e+02
  -1.0700000e+02  -9.4600000e+02   4.0700000e+02
  -1.0100000e+02  -9.5500000e+02   4.0300000e+02
  -1.0000000e+02  -9.6700000e+02   3.9900000e+02
  -1.0000000e+02  -9.6200000e+02   3.9400000e+02
  -1.0000000e+02  -9.5900000e+02   3.9500000e+02
  -9.8000000e+01  -9.5100000e+02   3.9400000e+02
  -1.0000000e+02  -9.5700000e+02   3.9300000e+02
  -1.0800000e+02  -9.5600000e+02   3.9700000e+02
  -1.1100000e+02  -9.3700000e+02   4.0700000e+02
  -1.0200000e+02  -9.3700000e+02   3.9600000e+02
  -1.0500000e+02  -9.6900000e+02   4.0100000e+02
  -1.0600000e+02  -9.5800000e+02   3.9500000e+02
  -1.0100000e+02  -9.4000000e+02   3.9900000e+02
  -1.0600000e+02  -9.5000000e+02   4.0200000e+02
  -1.0500000e+02  -9.4700000e+02   4.0100000e+02
  -1.0400000e+02  -9.5600000e+02   3.9800000e+02
  -1.0600000e+02  -9.6000000e+02   4.0000000e+02
  -1.0200000e+02  -9.4800000e+02   3.9800000e+02
  -1.0600000e+02  -9.4800000e+02   4.0300000e+02
  -1.0700000e+02  -9.5300000e+02   4.0400000e+02
  -1.1000000e+02  -9.6500000e+02   3.9200000e+02
  -1.1200000e+02  -9.5400000e+02   3.9500000e+02
  -1.1800000e+02  -9.5400000e+02   3.9500000e+02
  -1.0700000e+02  -9.5300000e+02   3.9800000e+02
  -9.5000000e+01  -9.5700000e+02   3.9800000e+02
  -9.9000000e+01  -9.5100000e+02   4.0800000e+02
  -9.8000000e+01  -9.4600000e+02   3.9900000e+02
