  -2.8200000e+02  -8.9100000e+02   4.5200000e+02
  -2.9300000e+02  -8.9700000e+02   4.6300000e+02
  -2.8800000e+02  -8.9000000e+02   4.6200000e+02
  -2.8200000e+02  -8.8800000e+02   4.9000000e+02
  -2.7200000e+02  -8.8400000e+02   4.6400000e+02
  -2.7800000e+02  -8.8000000e+02   4.7600000e+02
  -2.7900000e+02  -8.8300000e+02   4.9400000e+02
  -2.7300000e+02  -8.8100000e+02   4.8700000e+02
  -2.7600000e+02  -8.7300000e+02   4.9500000e+02
  -2.7800000e+02  -8.8900000e+02   4.9000000e+02
  -2.7000000e+02  -8.6400000e+02   5.0600000e+02
  -2.6500000e+02  -8.8000000e+02   4.9000000e+02
  -2.7500000e+02  -8.7900000e+02   4.9700000e+02
  -2.7300000e+02  -8.9000000e+02   4.9100000e+02
  -2.7400000e+02  -8.6800000e+02   5.1000000e+02
  -2.7700000e+02  -8.6400000e+02   5.1400000e+02
  -2.7800000e+02  -8.8800000e+02   5.1800000e+02
  -2.7500000e+02  -8.5600000e+02   5.2200000e+02
  -2.7600000e+02  -8.6300000e+02   5.2200000e+02
  -2.7100000e+02  -8.5300000e+02   5.3100000e+02
  -2.7300000e+02  -8.6200000e+02   5.2800000e+02
  -2.7400000e+02  -8.7000000e+02   5.2500000e+02
  -2.7600000e+02  -8.6000000e+02   5.2200000e+02
  -2.7500000e+02  -8.6800000e+02   5.2200000e+02
  -2.7700000e+02  -8.6100000e+02   5.3000000e+02
  -2.7700000e+02  -8.6700000e+02   5.0900000e+02
  -2.7500000e+02  -8.7000000e+02   5.0200000e+02
  -2.8500000e+02  -8.6300000e+02   5.0700000e+02
  -2.8900000e+02  -8.7200000e+02   4.8700000e+02
  -2.7600000e+02  -8.8800000e+02   4.8000000e+02
  -2.8600000e+02  -8.9800000e+02   4.5800000e+02
  -2.9300000e+02  -8.6100000e+02   4.9800000e+02
  -2.9200000e+02  -8.8200000e+02   5.1300000e+02
  -2.9300000e+02  -8.6200000e+02   4.9500000e+02
  -2.8200000e+02  -8.5000000e+02   5.1600000e+02
  -3.0000000e+02  -8.8200000e+02   5.0500000e+02
  -3.0200000e+02  -8.7000000e+02   4.8200000e+02
  -2.8900000e+02  -8.7800000e+02   5.0200000e+02
  -2.9700000e+02  -8.6700000e+02   4.7700000e+02
  -2.9300000e+02  -8.8600000e+02   4.8000000e+02
  -2.9500000e+02  -8.7600000e+02   4.8500000e+02
  -2.9500000e+02  -8.8400000e+02   4.8100000e+02
  -2.9600000e+02  -8.7700000e+02   4.8800000e+02
  -2.9500000e+02  -8.7600000e+02   4.9500000e+02
  -2.9500000e+02  -8.8000000e+02   4.9100000e+02
  -2.8600000e+02  -8.7400000e+02   4.8500000e+02
  -2.9500000e+02  -8.7500000e+02   4.9700000e+02
  -2.9100000e+02  -8.7400000e+02   4.8200000e+02
  -3.0000000e+02  -8.7900000e+02   4.8200000e+02
  -2.9500000e+02  -8.8400000e+02   4.7700000e+02
  -2.9700000e+02  -8.7900000e+02   4.8600000e+02
  -2.9600000e+02  -8.7800000e+02   4.9100000e+02
  -2.9700000e+02  -8.6700000e+02   4.9100000e+02
  -3.0000000e+02  -8.8100000e+02   4.8600000e+02
  -3.0000000e+02  -8.8100000e+02   4.7300000e+02
  -3.0100000e+02  -8.7900000e+02   4.8000000e+02
  -3.0000000e+02  -8.7400000e+02   4.8300000e+02
  -3.0200000e+02  -8.7900000e+02   4.8200000e+02
  -3.0800000e+02  -8.7600000e+02   4.7800000e+02
  -2.8700000e+02  -8.9000000e+02   4.5500000e+02
  -3.0100000e+02  -8.8300000e+02   4.5200000e+02
  -3.1100000e+02  -8.9000000e+02   4.6700000e+02
  -3.6500000e+02  -9.0800000e+02   4.7500000e+02
  -3.3300000e+02  -8.9800000e+02   4.1100000e+02
  -3.1100000e+02  -8.9900000e+02   4.3600000e+02
  -3.0600000e+02  -8.8900000e+02   4.3800000e+02
  -3.1200000e+02  -8.8500000e+02   4.4800000e+02
  -3.1200000e+02  -8.9200000e+02   4.4200000e+02
  -3.1700000e+02  -8.8600000e+02   4.4700000e+02
  -3.2600000e+02  -8.9000000e+02   4.6300000e+02
  -3.2100000e+02  -8.7800000e+02   4.2400000e+02
  -3.1500000e+02  -8.7900000e+02   4.6600000e+02
  -3.0800000e+02  -8.7600000e+02   4.7100000e+02
  -3.0400000e+02  -8.9700000e+02   4.5100000e+02
  -3.1100000e+02  -9.0300000e+02   4.6200000e+02
  -3.1800000e+02  -9.0800000e+02   4.2100000e+02
  -3.0300000e+02  -9.0900000e+02   3.7500000e+02
  -3.1700000e+02  -9.0800000e+02   4.2200000e+02
  -3.0100000e+02  -9.1100000e+02   4.1500000e+02
  -3.1200000e+02  -9.0600000e+02   4.1700000e+02
  -3.1600000e+02  -8.9800000e+02   4.0700000e+02
  -3.2500000e+02  -9.0000000e+02   4.0800000e+02
  -3.2700000e+02  -9.0700000e+02   3.9500000e+02
  -3.2600000e+02  -9.0000000e+02   4.0000000e+02
  -3.2600000e+02  -9.1000000e+02   3.9400000e+02
  -3.2600000e+02  -9.0600000e+02   4.0200000e+02
  -3.2800000e+02  -9.1500000e+02   4.0300000e+02
  -3.2400000e+02  -9.0400000e+02   3.9500000e+02
  -3.2500000e+02  -9.0900000e+02   4.0400000e+02
  -3.1200000e+02  -9.0200000e+02   3.9900000e+02
  -3.1900000e+02  -8.8900000e+02   4.1100000e+02
  -3.2000000e+02  -9.1000000e+02   3.8900000e+02
  -3.2300000e+02  -9.1100000e+02   4.0100000e+02
  -3.1600000e+02  -9.1400000e+02   3.8400000e+02
  -3.1200000e+02  -8.9400000e+02   4.0600000e+02
  -3.1900000e+02  -9.0200000e+02   4.1300000e+02
