  -1.9700000e+02  -8.5900000e+02   6.0100000e+02
  -1.9300000e+02  -8.5200000e+02   5.7800000e+02
  -1.8700000e+02  -8.0300000e+02   6.4700000e+02
  -1.7400000e+02  -8.1700000e+02   6.1600000e+02
  -2.0100000e+02  -8.3500000e+02   5.7300000e+02
  -2.2000000e+02  -8.3600000e+02   5.7900000e+02
  -2.1900000e+02  -8.3800000e+02   5.6600000e+02
  -2.2600000e+02  -8.6800000e+02   5.6700000e+02
  -2.1800000e+02  -8.4300000e+02   5.5500000e+02
  -2.4700000e+02  -9.0900000e+02   4.8300000e+02
  -2.0300000e+02  -8.7700000e+02   5.3300000e+02
  -1.6700000e+02  -8.0400000e+02   6.0600000e+02
  -1.8500000e+02  -8.2900000e+02   6.0100000e+02
  -1.7900000e+02  -8.5300000e+02   5.9900000e+02
  -1.8200000e+02  -8.3500000e+02   5.9600000e+02
  -1.9500000e+02  -8.2300000e+02   6.4500000e+02
  -1.5000000e+02  -8.6800000e+02   5.6100000e+02
  -1.5400000e+02  -8.4600000e+02   6.2800000e+02
  -1.4800000e+02  -8.8700000e+02   6.1700000e+02
  -2.0900000e+02  -8.9800000e+02   4.3800000e+02
  -2.1800000e+02  -9.3200000e+02   4.5000000e+02
  -1.7900000e+02  -8.7500000e+02   5.4100000e+02
  -2.0200000e+02  -8.9800000e+02   5.9200000e+02
  -2.0700000e+02  -8.6800000e+02   6.5000000e+02
  -1.9800000e+02  -8.3400000e+02   6.0500000e+02
  -2.1800000e+02  -8.4100000e+02   5.9100000e+02
  -2.1700000e+02  -8.4400000e+02   5.9500000e+02
  -2.0500000e+02  -8.1600000e+02   5.8500000e+02
  -2.2900000e+02  -8.2700000e+02   5.8600000e+02
  -1.8700000e+02  -8.4200000e+02   5.8300000e+02
  -2.3700000e+02  -8.5100000e+02   5.9600000e+02
  -2.2400000e+02  -8.4300000e+02   5.5200000e+02
  -2.1300000e+02  -8.2700000e+02   5.7200000e+02
  -2.2600000e+02  -8.4200000e+02   5.6800000e+02
  -2.1900000e+02  -8.3900000e+02   5.7700000e+02
  -2.2000000e+02  -8.4100000e+02   6.0000000e+02
  -2.2200000e+02  -8.4500000e+02   5.6300000e+02
  -2.6500000e+02  -9.0000000e+02   5.5700000e+02
  -2.4700000e+02  -8.6000000e+02   5.4900000e+02
  -2.5200000e+02  -8.0400000e+02   5.4900000e+02
  -2.6100000e+02  -8.2200000e+02   5.8900000e+02
  -2.3500000e+02  -8.9100000e+02   4.9400000e+02
  -2.4900000e+02  -8.4200000e+02   5.8300000e+02
  -2.7700000e+02  -8.3100000e+02   5.7800000e+02
  -2.6800000e+02  -8.4500000e+02   5.6000000e+02
  -2.6000000e+02  -8.7600000e+02   5.6700000e+02
  -2.4300000e+02  -8.4400000e+02   5.9300000e+02
  -2.4300000e+02  -8.1400000e+02   5.3600000e+02
  -2.5600000e+02  -8.8200000e+02   4.6600000e+02
  -2.7700000e+02  -9.6000000e+02   4.0400000e+02
  -2.5900000e+02  -9.2300000e+02   5.9200000e+02
  -1.8200000e+02  -8.0200000e+02   5.4700000e+02
  -2.8000000e+02  -8.9700000e+02   4.4700000e+02
  -3.1700000e+02  -9.3400000e+02   3.5100000e+02
  -2.2500000e+02  -8.5300000e+02   4.2900000e+02
  -2.4700000e+02  -8.7300000e+02   4.6300000e+02
  -3.5200000e+02  -9.2900000e+02   4.2500000e+02
  -3.7900000e+02  -8.7300000e+02   4.1000000e+02
  -3.8800000e+02  -8.6300000e+02   4.3600000e+02
  -4.0300000e+02  -8.2600000e+02   5.1100000e+02
  -4.3400000e+02  -8.5900000e+02   4.6300000e+02
  -3.0200000e+02  -7.8900000e+02   5.3200000e+02
  -3.5000000e+02  -8.2600000e+02   4.8800000e+02
  -4.0600000e+02  -8.7100000e+02   4.8100000e+02
  -3.6800000e+02  -8.4100000e+02   4.9100000e+02
  -3.7700000e+02  -8.3400000e+02   5.0500000e+02
  -3.9500000e+02  -8.3600000e+02   4.7900000e+02
  -4.0400000e+02  -8.5000000e+02   4.5900000e+02
  -4.3100000e+02  -8.8500000e+02   4.3500000e+02
  -3.7900000e+02  -8.9400000e+02   4.4400000e+02
  -3.2200000e+02  -8.6500000e+02   3.7300000e+02
  -4.1600000e+02  -8.4000000e+02   4.9500000e+02
  -3.7400000e+02  -8.6600000e+02   4.5200000e+02
  -4.5700000e+02  -8.9100000e+02   4.6700000e+02
  -4.5000000e+02  -8.4300000e+02   4.8700000e+02
  -3.9400000e+02  -8.1100000e+02   4.7900000e+02
  -4.3800000e+02  -8.3200000e+02   4.5600000e+02
  -4.5800000e+02  -8.2700000e+02   4.5000000e+02
  -4.7700000e+02  -8.3200000e+02   4.3200000e+02
  -4.8200000e+02  -8.3700000e+02   4.2000000e+02
  -4.5500000e+02  -8.4000000e+02   4.0100000e+02
  -4.5400000e+02  -8.3900000e+02   4.1600000e+02
  -4.4200000e+02  -8.6400000e+02   3.8000000e+02
  -4.6600000e+02  -8.5000000e+02   3.8100000e+02
  -4.8000000e+02  -8.6700000e+02   3.4200000e+02
  -4.5600000e+02  -8.7800000e+02   3.1000000e+02
  -4.6900000e+02  -8.7600000e+02   3.3100000e+02
  -3.8300000e+02  -9.0200000e+02   3.7300000e+02
  -3.1700000e+02  -8.8900000e+02   4.7400000e+02
  -3.2100000e+02  -8.8100000e+02   4.9200000e+02
  -2.7400000e+02  -8.5400000e+02   5.0300000e+02
  -3.5400000e+02  -8.9000000e+02   5.1500000e+02
  -3.1900000e+02  -7.8000000e+02   5.3000000e+02
  -3.1200000e+02  -8.6700000e+02   4.4500000e+02
  -3.5600000e+02  -8.9000000e+02   4.5900000e+02
  -3.5500000e+02  -8.6000000e+02   4.7900000e+02
