  -6.3000000e+01  -9.7700000e+02   1.7800000e+02
  -4.8000000e+01  -1.0440000e+03   1.1100000e+02
  -5.0000000e+01  -9.4000000e+02   1.3600000e+02
   1.0000000e+01  -1.0930000e+03  -2.3000000e+01
  -1.3000000e+01  -1.0440000e+03  -9.7000000e+01
  -1.5000000e+01  -1.0200000e+03  -6.8000000e+01
  -2.9000000e+01  -1.0660000e+03   5.3000000e+01
  -5.4000000e+01  -9.8200000e+02   1.3700000e+02
  -7.8000000e+01  -1.0160000e+03   1.6000000e+02
  -9.1000000e+01  -1.0150000e+03   1.8300000e+02
  -1.0000000e+02  -1.0040000e+03   1.9900000e+02
  -8.8000000e+01  -1.0010000e+03   2.1200000e+02
  -9.6000000e+01  -1.0140000e+03   2.0200000e+02
  -1.0200000e+02  -1.0080000e+03   2.1500000e+02
  -1.0100000e+02  -1.0260000e+03   2.0200000e+02
  -1.1700000e+02  -1.0250000e+03   1.5400000e+02
  -7.9000000e+01  -9.9900000e+02   1.4900000e+02
  -8.4000000e+01  -1.0060000e+03   2.0200000e+02
  -9.2000000e+01  -1.0010000e+03   2.1300000e+02
  -7.2000000e+01  -9.9800000e+02   2.1500000e+02
  -8.8000000e+01  -9.9000000e+02   2.2500000e+02
  -7.8000000e+01  -9.9300000e+02   2.7400000e+02
  -8.2000000e+01  -1.0130000e+03   3.1300000e+02
  -9.6000000e+01  -9.7600000e+02   3.1500000e+02
  -8.4000000e+01  -9.8100000e+02   3.2000000e+02
  -8.6000000e+01  -9.7900000e+02   3.1800000e+02
  -1.0000000e+02  -1.0000000e+03   2.9000000e+02
  -9.6000000e+01  -9.8700000e+02   2.9500000e+02
  -1.0000000e+02  -9.8500000e+02   2.7900000e+02
  -8.9000000e+01  -9.7000000e+02   3.2800000e+02
  -9.0000000e+01  -9.7700000e+02   3.5700000e+02
  -9.9000000e+01  -9.7200000e+02   3.5200000e+02
  -9.6000000e+01  -9.7300000e+02   3.5400000e+02
  -1.0600000e+02  -9.6700000e+02   3.5000000e+02
  -1.0400000e+02  -9.6900000e+02   3.5700000e+02
  -1.0200000e+02  -9.7400000e+02   3.5100000e+02
  -9.3000000e+01  -9.7300000e+02   3.4600000e+02
  -9.8000000e+01  -9.6900000e+02   3.4600000e+02
  -1.0200000e+02  -9.5800000e+02   3.4800000e+02
  -1.0800000e+02  -9.7400000e+02   3.5000000e+02
  -1.0600000e+02  -9.7300000e+02   3.4700000e+02
  -1.0800000e+02  -9.7800000e+02   3.4800000e+02
  -1.0700000e+02  -9.6800000e+02   3.4400000e+02
  -7.5000000e+01  -9.8300000e+02   2.7500000e+02
  -1.1300000e+02  -1.0610000e+03   3.3200000e+02
  -9.7000000e+01  -9.8900000e+02   3.0400000e+02
  -1.0200000e+02  -9.7200000e+02   3.0000000e+02
  -1.2300000e+02  -9.3700000e+02   2.5600000e+02
  -1.2600000e+02  -1.0060000e+03   2.2300000e+02
  -1.2100000e+02  -1.0140000e+03   2.2300000e+02
  -1.1100000e+02  -9.8300000e+02   2.2600000e+02
  -1.3300000e+02  -1.0610000e+03   2.3700000e+02
  -1.2100000e+02  -1.0060000e+03   2.3500000e+02
  -1.2300000e+02  -1.0090000e+03   2.4100000e+02
  -1.1800000e+02  -9.9900000e+02   2.4000000e+02
  -1.2500000e+02  -1.0020000e+03   2.4300000e+02
  -1.2300000e+02  -9.9800000e+02   2.4800000e+02
  -1.2300000e+02  -1.0010000e+03   2.5300000e+02
  -1.2200000e+02  -9.9300000e+02   2.4600000e+02
  -1.2700000e+02  -1.0010000e+03   2.4500000e+02
  -1.2600000e+02  -9.9100000e+02   2.4500000e+02
  -1.3100000e+02  -1.0020000e+03   2.5000000e+02
  -1.3100000e+02  -1.0030000e+03   2.5000000e+02
  -1.2100000e+02  -1.0000000e+03   2.5000000e+02
  -1.2000000e+02  -9.9400000e+02   2.5400000e+02
  -1.2000000e+02  -9.9700000e+02   2.4900000e+02
  -1.2100000e+02  -9.9100000e+02   2.5700000e+02
  -1.2400000e+02  -9.9900000e+02   2.5300000e+02
  -1.2200000e+02  -1.0000000e+03   2.5100000e+02
  -1.2800000e+02  -9.8700000e+02   2.5500000e+02
  -1.2700000e+02  -9.9900000e+02   2.5700000e+02
  -1.2600000e+02  -9.9300000e+02   2.5000000e+02
  -1.3000000e+02  -9.9000000e+02   2.5500000e+02
  -1.3000000e+02  -9.9900000e+02   2.5400000e+02
  -1.2300000e+02  -1.0020000e+03   2.5800000e+02
  -1.2700000e+02  -9.9900000e+02   2.5800000e+02
  -1.3200000e+02  -1.0020000e+03   2.6200000e+02
  -1.2500000e+02  -9.9300000e+02   2.5700000e+02
  -1.2900000e+02  -1.0050000e+03   2.5400000e+02
  -1.2400000e+02  -9.9400000e+02   2.5100000e+02
  -1.2700000e+02  -9.9900000e+02   2.5500000e+02
  -1.2800000e+02  -9.9600000e+02   2.5400000e+02
  -1.2800000e+02  -9.9600000e+02   2.5200000e+02
  -1.3000000e+02  -9.9300000e+02   2.5400000e+02
  -1.3200000e+02  -1.0030000e+03   2.5700000e+02
  -1.3200000e+02  -9.9900000e+02   2.5900000e+02
  -1.3300000e+02  -9.9900000e+02   2.5700000e+02
  -1.3300000e+02  -9.9800000e+02   2.5800000e+02
  -1.3500000e+02  -9.9800000e+02   2.5700000e+02
  -1.3900000e+02  -1.0000000e+03   2.5100000e+02
  -1.3700000e+02  -1.0020000e+03   2.5000000e+02
  -1.3500000e+02  -9.9000000e+02   2.5700000e+02
  -1.4300000e+02  -9.8700000e+02   2.6400000e+02
  -1.3400000e+02  -9.9800000e+02   2.5300000e+02
  -1.3900000e+02  -1.0020000e+03   2.5900000e+02
  -1.3500000e+02  -9.9600000e+02   2.5500000e+02
