  -2.2800000e+02  -9.7800000e+02   1.9700000e+02
  -2.3600000e+02  -1.0050000e+03   2.0600000e+02
  -2.1300000e+02  -9.9800000e+02   2.1900000e+02
  -2.0800000e+02  -1.0160000e+03   2.3000000e+02
  -2.0000000e+02  -9.8600000e+02   2.3400000e+02
  -2.0400000e+02  -9.7900000e+02   2.3500000e+02
  -2.0000000e+02  -9.9500000e+02   2.5900000e+02
  -2.1700000e+02  -9.9500000e+02   2.5600000e+02
  -2.0100000e+02  -9.8800000e+02   2.4700000e+02
  -2.0400000e+02  -9.7800000e+02   2.6100000e+02
  -1.9600000e+02  -9.9100000e+02   2.5200000e+02
  -2.0600000e+02  -1.0040000e+03   2.2800000e+02
  -2.0000000e+02  -9.8900000e+02   2.4600000e+02
  -2.0200000e+02  -9.9900000e+02   2.5000000e+02
  -1.9500000e+02  -9.8600000e+02   2.5500000e+02
  -1.8800000e+02  -9.8300000e+02   2.5300000e+02
  -1.9700000e+02  -9.7700000e+02   2.5700000e+02
  -1.9100000e+02  -9.8400000e+02   2.6100000e+02
  -1.9900000e+02  -9.9100000e+02   2.5300000e+02
  -1.9600000e+02  -9.9500000e+02   2.5100000e+02
  -1.9700000e+02  -9.9600000e+02   2.6000000e+02
  -2.0000000e+02  -9.8500000e+02   2.6200000e+02
  -1.9900000e+02  -9.8700000e+02   2.6200000e+02
  -1.9700000e+02  -9.7900000e+02   2.6500000e+02
  -1.9900000e+02  -9.8600000e+02   2.5900000e+02
  -1.9700000e+02  -9.8200000e+02   2.6000000e+02
  -1.9700000e+02  -9.7900000e+02   2.7800000e+02
  -1.9800000e+02  -9.7900000e+02   2.7700000e+02
  -1.9900000e+02  -9.7400000e+02   3.0100000e+02
  -2.0100000e+02  -9.8400000e+02   2.8200000e+02
  -1.8900000e+02  -9.7400000e+02   3.0700000e+02
  -1.9000000e+02  -9.7900000e+02   2.9800000e+02
  -1.9100000e+02  -9.8000000e+02   2.9000000e+02
  -1.8900000e+02  -9.8800000e+02   2.9400000e+02
  -1.8900000e+02  -9.7800000e+02   2.8600000e+02
  -1.8500000e+02  -9.7800000e+02   2.8800000e+02
  -1.9000000e+02  -9.7200000e+02   2.9700000e+02
  -1.8500000e+02  -9.6700000e+02   2.9900000e+02
  -1.9000000e+02  -9.7100000e+02   3.0600000e+02
  -1.9300000e+02  -9.6600000e+02   3.0400000e+02
  -2.0200000e+02  -9.8500000e+02   3.0500000e+02
  -1.9400000e+02  -9.6900000e+02   3.0900000e+02
  -1.9900000e+02  -9.7800000e+02   3.1000000e+02
  -1.9800000e+02  -9.7300000e+02   3.1000000e+02
  -2.0100000e+02  -9.7100000e+02   3.0900000e+02
  -2.0300000e+02  -9.7200000e+02   3.1000000e+02
  -1.9900000e+02  -9.7300000e+02   3.1000000e+02
  -2.0100000e+02  -9.7400000e+02   3.1000000e+02
  -2.0000000e+02  -9.7600000e+02   3.0800000e+02
  -1.9900000e+02  -9.7300000e+02   3.1400000e+02
  -1.9900000e+02  -9.7800000e+02   3.1400000e+02
  -1.9800000e+02  -9.7500000e+02   3.1300000e+02
  -1.9700000e+02  -9.7100000e+02   3.1400000e+02
  -1.9700000e+02  -9.7100000e+02   3.1200000e+02
  -2.0200000e+02  -9.7600000e+02   3.1500000e+02
  -2.0300000e+02  -9.7100000e+02   3.1300000e+02
  -2.0100000e+02  -9.7200000e+02   3.1000000e+02
  -2.0000000e+02  -9.7200000e+02   3.0500000e+02
  -2.0000000e+02  -9.7300000e+02   3.0500000e+02
  -2.1400000e+02  -9.6800000e+02   3.0200000e+02
  -2.0900000e+02  -9.8500000e+02   3.0300000e+02
  -2.0000000e+02  -9.7400000e+02   3.0200000e+02
  -2.0300000e+02  -9.7000000e+02   3.0500000e+02
  -1.9600000e+02  -9.7100000e+02   3.0000000e+02
  -1.9800000e+02  -9.7400000e+02   2.9100000e+02
  -2.0400000e+02  -9.7900000e+02   2.9000000e+02
  -2.0300000e+02  -9.7700000e+02   2.8900000e+02
  -2.0000000e+02  -9.8300000e+02   2.9100000e+02
  -2.0500000e+02  -9.8600000e+02   2.9300000e+02
  -1.9400000e+02  -9.7700000e+02   2.8500000e+02
  -1.9700000e+02  -9.8200000e+02   2.8800000e+02
  -1.9400000e+02  -9.7600000e+02   2.9100000e+02
  -1.9000000e+02  -9.7800000e+02   2.9200000e+02
  -1.8000000e+02  -9.5600000e+02   3.0300000e+02
  -1.9100000e+02  -9.7200000e+02   3.0100000e+02
  -1.8600000e+02  -9.7500000e+02   2.9800000e+02
  -1.7000000e+02  -9.8500000e+02   2.8500000e+02
  -1.7400000e+02  -9.7600000e+02   2.9800000e+02
  -1.8400000e+02  -9.8400000e+02   2.8400000e+02
  -1.8500000e+02  -9.8000000e+02   2.8800000e+02
  -1.8400000e+02  -9.7700000e+02   2.9100000e+02
  -1.7600000e+02  -9.7100000e+02   2.9600000e+02
  -1.8300000e+02  -9.7700000e+02   2.9800000e+02
  -1.8600000e+02  -9.7300000e+02   2.9500000e+02
  -1.8800000e+02  -9.7200000e+02   2.9500000e+02
  -1.9200000e+02  -9.7700000e+02   3.0100000e+02
  -1.8800000e+02  -9.8000000e+02   2.9500000e+02
  -1.8900000e+02  -9.7000000e+02   2.9500000e+02
  -1.8400000e+02  -9.7200000e+02   2.9300000e+02
  -1.8600000e+02  -9.8300000e+02   2.9800000e+02
  -1.8900000e+02  -9.8300000e+02   2.9600000e+02
  -1.9000000e+02  -9.7900000e+02   3.0000000e+02
  -1.8300000e+02  -9.7400000e+02   2.9500000e+02
  -1.9400000e+02  -9.9000000e+02   3.0000000e+02
  -1.8600000e+02  -9.8000000e+02   2.9400000e+02
  -1.8400000e+02  -9.7300000e+02   3.0200000e+02
