  -5.8500000e+02  -7.6400000e+02   4.3400000e+02
  -4.9400000e+02  -8.1900000e+02   4.2300000e+02
  -4.4800000e+02  -9.8700000e+02   4.2000000e+02
  -5.8900000e+02  -8.5300000e+02  -1.2000000e+02
  -7.9100000e+02  -5.7100000e+02  -4.1000000e+01
  -9.1200000e+02  -4.1200000e+02   6.2000000e+01
  -8.8200000e+02  -5.5100000e+02  -8.5000000e+01
  -6.7700000e+02  -4.6400000e+02  -1.8600000e+02
  -6.7700000e+02  -4.6400000e+02  -1.8600000e+02
  -2.9700000e+02  -1.0050000e+03   3.4300000e+02
  -2.1700000e+02  -9.2900000e+02   3.9700000e+02
  -2.4000000e+02  -8.4700000e+02   5.7800000e+02
  -2.6800000e+02  -1.0200000e+03   4.0500000e+02
  -5.0100000e+02  -9.5700000e+02  -1.3600000e+02
  -5.0100000e+02  -9.5700000e+02  -1.3600000e+02
  -7.0400000e+02  -6.1900000e+02  -1.1200000e+02
  -8.9400000e+02  -3.6300000e+02   1.7000000e+01
  -9.1600000e+02  -4.3100000e+02  -3.4000000e+01
  -9.1600000e+02  -4.3100000e+02  -3.4000000e+01
  -3.1300000e+02  -1.0530000e+03   5.2700000e+02
  -2.1800000e+02  -8.5700000e+02   5.2000000e+02
  -2.3600000e+02  -8.6500000e+02   5.8000000e+02
  -2.4700000e+02  -9.1700000e+02   4.5000000e+02
  -4.6100000e+02  -1.0490000e+03   1.5100000e+02
  -6.4500000e+02  -7.4400000e+02  -3.3000000e+01
  -8.4200000e+02  -5.0000000e+02   2.9000000e+01
  -9.2800000e+02  -4.5800000e+02  -2.2000000e+01
  -9.0700000e+02  -4.4800000e+02  -3.3000000e+01
  -7.7600000e+02  -6.7200000e+02  -1.3900000e+02
  -6.0100000e+02  -8.8200000e+02  -1.9300000e+02
  -6.0100000e+02  -8.8200000e+02  -1.9300000e+02
  -2.8000000e+02  -8.9700000e+02   4.3800000e+02
  -3.0400000e+02  -8.4100000e+02   4.8200000e+02
  -2.5000000e+02  -9.1600000e+02   5.4200000e+02
  -3.5100000e+02  -1.0860000e+03   2.3400000e+02
  -5.6100000e+02  -9.3600000e+02  -5.6000000e+01
  -7.3500000e+02  -5.9700000e+02  -2.0200000e+02
  -8.9600000e+02  -4.6100000e+02  -1.1700000e+02
  -9.1100000e+02  -4.2100000e+02  -3.5000000e+01
  -6.8400000e+02  -4.2700000e+02   1.6000000e+01
  -5.2200000e+02  -1.0700000e+03  -2.3000000e+01
  -3.2000000e+02  -1.0100000e+03   3.1300000e+02
  -2.9500000e+02  -9.1000000e+02   3.5600000e+02
  -3.3700000e+02  -8.8500000e+02   4.6500000e+02
  -3.4700000e+02  -9.8800000e+02   3.5100000e+02
  -5.3300000e+02  -9.9100000e+02  -7.9000000e+01
  -6.8400000e+02  -6.4000000e+02  -2.2500000e+02
  -8.8400000e+02  -4.7500000e+02  -1.8600000e+02
  -9.0500000e+02  -3.2900000e+02  -6.6000000e+01
  -8.8700000e+02  -4.3500000e+02  -9.5000000e+01
  -7.4600000e+02  -4.0400000e+02  -9.0000000e+01
  -7.4600000e+02  -4.0400000e+02  -9.0000000e+01
  -3.1500000e+02  -1.0120000e+03  -1.5000000e+01
  -2.7800000e+02  -9.6300000e+02   3.6100000e+02
  -2.7700000e+02  -8.3700000e+02   4.9900000e+02
  -2.4400000e+02  -9.0600000e+02   5.0900000e+02
  -3.4500000e+02  -9.3700000e+02   3.1500000e+02
  -5.0300000e+02  -9.0900000e+02   7.1000000e+01
  -6.6400000e+02  -7.3000000e+02  -2.4700000e+02
  -8.0900000e+02  -5.7600000e+02  -1.8600000e+02
  -8.5600000e+02  -4.9400000e+02  -1.5300000e+02
  -6.1700000e+02  -5.5700000e+02   8.1000000e+01
  -4.4000000e+02  -8.9200000e+02   4.9300000e+02
  -3.2200000e+02  -7.2200000e+02   6.7200000e+02
  -3.2200000e+02  -7.6400000e+02   6.3900000e+02
  -2.5000000e+02  -8.3500000e+02   6.1600000e+02
  -2.4200000e+02  -9.5500000e+02   4.3700000e+02
  -4.3500000e+02  -1.0000000e+03   6.9000000e+01
  -6.5400000e+02  -7.1400000e+02  -1.3100000e+02
  -8.4700000e+02  -5.1800000e+02  -1.3500000e+02
  -9.0100000e+02  -4.3700000e+02  -8.6000000e+01
  -8.4800000e+02  -5.1600000e+02  -1.8000000e+02
  -6.4300000e+02  -8.2200000e+02  -7.1000000e+01
  -3.5100000e+02  -9.9200000e+02   1.5000000e+02
  -2.3600000e+02  -9.6300000e+02   4.1900000e+02
  -2.3800000e+02  -8.5800000e+02   4.5700000e+02
  -2.1200000e+02  -8.5300000e+02   5.6400000e+02
  -2.3400000e+02  -9.7000000e+02   3.8400000e+02
  -4.2400000e+02  -9.9600000e+02   4.0000000e+00
  -6.5400000e+02  -6.7400000e+02  -1.8600000e+02
  -8.5100000e+02  -4.7000000e+02  -6.2000000e+01
  -9.2100000e+02  -4.5000000e+02  -1.0500000e+02
  -8.8700000e+02  -4.4000000e+02  -8.0000000e+01
  -7.0500000e+02  -5.7100000e+02  -1.8300000e+02
  -4.5500000e+02  -1.0740000e+03   1.2900000e+02
  -2.7900000e+02  -8.7300000e+02   4.9100000e+02
  -2.4300000e+02  -9.1700000e+02   5.0000000e+02
  -2.9700000e+02  -8.2900000e+02   4.4800000e+02
  -2.4100000e+02  -9.4700000e+02   4.9500000e+02
  -3.9300000e+02  -1.0360000e+03   1.3300000e+02
  -5.8700000e+02  -8.1800000e+02  -2.0200000e+02
  -7.8300000e+02  -5.5300000e+02  -1.7900000e+02
  -9.1900000e+02  -4.1500000e+02  -1.2000000e+02
  -9.0200000e+02  -4.3200000e+02  -1.5600000e+02
  -8.3700000e+02  -5.0200000e+02  -2.4000000e+02
  -6.5500000e+02  -8.4000000e+02  -8.1000000e+01
