  -2.5900000e+02  -9.4000000e+02  -2.5000000e+01
  -6.8200000e+02  -7.4500000e+02  -4.2000000e+01
  -8.3200000e+02  -5.6100000e+02   2.0000000e+01
  -9.1800000e+02  -4.6600000e+02   6.7000000e+01
  -9.4000000e+02  -4.9600000e+02   5.3000000e+01
  -9.0900000e+02  -4.8500000e+02   7.0000000e+00
  -8.8600000e+02  -5.8300000e+02  -7.8000000e+01
  -6.8200000e+02  -8.0100000e+02  -6.4000000e+01
  -3.7000000e+02  -1.0650000e+03   1.9100000e+02
  -2.3300000e+02  -9.9200000e+02   3.3300000e+02
  -2.5700000e+02  -9.1200000e+02   3.8400000e+02
  -3.0300000e+02  -9.2000000e+02   3.4300000e+02
  -2.2600000e+02  -9.2400000e+02   4.1300000e+02
  -3.0600000e+02  -1.0640000e+03   1.9600000e+02
  -4.3100000e+02  -9.5800000e+02  -1.7500000e+02
  -6.4200000e+02  -7.7300000e+02  -2.0900000e+02
  -8.3100000e+02  -5.3200000e+02  -7.3000000e+01
  -9.4600000e+02  -4.5700000e+02  -8.0000000e+00
  -9.4300000e+02  -3.7600000e+02   3.0000000e+00
  -9.2000000e+02  -3.7600000e+02  -4.7000000e+01
  -7.6900000e+02  -4.6300000e+02   8.0000000e+00
  -6.0000000e+02  -8.9100000e+02  -2.8000000e+01
  -3.4000000e+02  -1.0680000e+03  -5.0000000e+00
  -2.6100000e+02  -9.8500000e+02   3.1200000e+02
  -3.1600000e+02  -9.3000000e+02   3.6300000e+02
  -2.5700000e+02  -9.2200000e+02   3.9000000e+02
  -2.7000000e+02  -9.9100000e+02   3.2700000e+02
  -4.6400000e+02  -1.0010000e+03  -5.3000000e+01
  -6.5600000e+02  -6.5500000e+02  -2.3300000e+02
  -8.6100000e+02  -4.3500000e+02  -1.3200000e+02
  -9.6900000e+02  -4.0800000e+02  -1.1400000e+02
  -9.5600000e+02  -3.8300000e+02  -1.2200000e+02
  -9.4200000e+02  -3.6700000e+02  -1.7100000e+02
  -9.1400000e+02  -3.9200000e+02  -1.8800000e+02
  -6.4300000e+02  -5.8900000e+02  -8.3000000e+01
  -4.0900000e+02  -1.0610000e+03   1.0600000e+02
  -2.5500000e+02  -1.0130000e+03   3.2700000e+02
  -2.7500000e+02  -9.6600000e+02   3.1300000e+02
  -2.9800000e+02  -9.4900000e+02   2.6800000e+02
  -5.0000000e+00  -1.0820000e+03   2.2200000e+02
  -4.5100000e+02  -9.4800000e+02  -2.6700000e+02
  -6.7800000e+02  -6.3600000e+02  -2.2000000e+02
  -8.9900000e+02  -4.7200000e+02  -1.3300000e+02
  -9.2700000e+02  -3.8100000e+02  -5.6000000e+01
  -9.3100000e+02  -4.4900000e+02  -1.5500000e+02
  -9.1200000e+02  -4.4500000e+02  -1.6100000e+02
  -7.8500000e+02  -4.1800000e+02  -1.4100000e+02
  -5.5100000e+02  -9.0200000e+02   1.7700000e+02
  -3.0100000e+02  -9.8900000e+02   2.9600000e+02
  -2.3800000e+02  -9.9800000e+02   2.9400000e+02
  -2.3600000e+02  -8.9900000e+02   3.5300000e+02
  -2.0600000e+02  -9.8900000e+02   4.8800000e+02
  -2.7700000e+02  -1.0530000e+03   2.6000000e+02
  -4.9700000e+02  -9.4900000e+02   1.0000000e+00
  -6.8200000e+02  -6.1400000e+02  -1.7800000e+02
  -8.9800000e+02  -4.6200000e+02  -1.0500000e+02
  -9.4100000e+02  -3.3600000e+02  -4.1000000e+01
  -9.2000000e+02  -3.8500000e+02  -1.4100000e+02
  -8.4800000e+02  -4.0400000e+02  -3.8000000e+01
  -7.1000000e+02  -7.1400000e+02   1.0400000e+02
  -7.1000000e+02  -7.1400000e+02   1.0400000e+02
  -2.2900000e+02  -1.0070000e+03   3.7000000e+02
  -2.0900000e+02  -9.0300000e+02   4.3800000e+02
  -2.5000000e+02  -9.3400000e+02   3.7400000e+02
  -1.9600000e+02  -1.0000000e+03   4.0500000e+02
  -3.7400000e+02  -1.0340000e+03  -4.7000000e+01
  -6.2400000e+02  -7.3800000e+02  -2.8800000e+02
  -8.2700000e+02  -4.9000000e+02  -2.1100000e+02
  -9.5600000e+02  -4.0900000e+02  -1.1500000e+02
  -9.4000000e+02  -3.9700000e+02  -1.4600000e+02
  -9.2000000e+02  -4.0400000e+02  -1.8000000e+02
  -6.9100000e+02  -7.0400000e+02   5.6000000e+01
  -6.9100000e+02  -7.0400000e+02   5.6000000e+01
  -2.8400000e+02  -1.0190000e+03   3.0000000e+02
  -2.6300000e+02  -9.6100000e+02   3.5000000e+02
  -2.9500000e+02  -8.7500000e+02   2.6500000e+02
  -2.3600000e+02  -9.6700000e+02   3.0500000e+02
  -2.6800000e+02  -1.0570000e+03   2.1900000e+02
  -4.4900000e+02  -9.6500000e+02  -1.1900000e+02
  -6.6400000e+02  -6.4700000e+02  -2.8800000e+02
  -8.9500000e+02  -4.6300000e+02  -1.4700000e+02
  -8.9500000e+02  -4.6300000e+02  -1.4700000e+02
  -9.3600000e+02  -3.5900000e+02  -4.2000000e+01
  -9.4500000e+02  -4.1500000e+02  -1.2300000e+02
  -8.8000000e+02  -4.1900000e+02  -1.4600000e+02
  -6.4000000e+02  -6.2900000e+02  -5.7000000e+01
  -6.4000000e+02  -6.2900000e+02  -5.7000000e+01
  -2.4900000e+02  -1.0310000e+03   2.7700000e+02
  -2.6900000e+02  -9.0500000e+02   4.1200000e+02
  -2.6700000e+02  -9.1700000e+02   4.1400000e+02
  -2.2500000e+02  -9.5100000e+02   4.6100000e+02
  -4.0100000e+02  -1.0680000e+03   4.3000000e+01
  -5.9500000e+02  -6.9300000e+02  -3.0000000e+02
  -8.4500000e+02  -4.3800000e+02  -2.4200000e+02
  -9.2600000e+02  -3.3500000e+02  -1.2600000e+02
  -9.1400000e+02  -4.2300000e+02  -1.7400000e+02
