  -2.0600000e+02  -8.7700000e+02   6.0200000e+02
  -1.1200000e+02  -9.4300000e+02   4.3800000e+02
  -1.9400000e+02  -1.1000000e+03   1.9100000e+02
  -3.9200000e+02  -8.0400000e+02  -6.7000000e+01
  -5.7900000e+02  -7.9600000e+02   9.0000000e+00
  -6.4200000e+02  -5.1400000e+02   1.1400000e+02
  -6.6800000e+02  -7.6900000e+02   1.6900000e+02
  -6.4900000e+02  -8.0800000e+02   9.7000000e+01
  -4.7100000e+02  -7.5000000e+02   2.3700000e+02
  -5.2400000e+02  -6.3700000e+02   7.1100000e+02
  -3.3400000e+02  -7.4700000e+02   7.1600000e+02
  -2.7700000e+02  -7.9300000e+02   6.2800000e+02
  -2.5300000e+02  -8.5700000e+02   6.0100000e+02
  -1.8000000e+02  -9.0100000e+02   4.8400000e+02
  -1.8000000e+02  -9.0100000e+02   4.8400000e+02
  -3.0400000e+02  -1.0310000e+03   7.0000000e+00
  -3.7900000e+02  -8.6500000e+02   7.9000000e+01
  -4.6800000e+02  -9.3600000e+02   2.0400000e+02
  -5.5600000e+02  -8.1100000e+02   2.0700000e+02
  -6.1800000e+02  -8.0600000e+02   2.0900000e+02
  -5.6800000e+02  -7.9900000e+02   2.0800000e+02
  -4.3700000e+02  -8.0200000e+02   4.7600000e+02
  -3.1600000e+02  -6.2200000e+02   8.1900000e+02
  -2.6600000e+02  -9.0900000e+02   5.9300000e+02
  -2.2600000e+02  -8.3700000e+02   5.2600000e+02
  -2.0500000e+02  -8.7300000e+02   5.3700000e+02
  -1.6300000e+02  -9.1900000e+02   5.0800000e+02
  -1.6800000e+02  -9.4100000e+02   2.7200000e+02
  -1.7800000e+02  -1.0330000e+03   2.3600000e+02
  -4.1400000e+02  -1.0410000e+03   8.6000000e+01
  -5.1600000e+02  -7.4000000e+02   1.6300000e+02
  -6.4700000e+02  -6.7900000e+02   2.7600000e+02
  -6.9500000e+02  -7.2400000e+02   2.3100000e+02
  -6.7400000e+02  -7.4300000e+02   2.2200000e+02
  -5.1000000e+02  -6.7800000e+02   2.5900000e+02
  -4.3900000e+02  -8.4000000e+02   7.2600000e+02
  -2.5600000e+02  -8.8300000e+02   5.4900000e+02
  -2.2200000e+02  -9.2200000e+02   4.3500000e+02
  -2.0900000e+02  -8.9300000e+02   4.7500000e+02
  -1.9600000e+02  -9.1400000e+02   4.4400000e+02
  -1.3500000e+02  -9.3800000e+02   4.5100000e+02
  -1.5800000e+02  -9.8900000e+02   2.2400000e+02
  -1.5800000e+02  -9.8900000e+02   2.2400000e+02
  -4.8800000e+02  -9.0000000e+02  -1.9900000e+02
  -6.2600000e+02  -7.5800000e+02  -1.1100000e+02
  -7.7100000e+02  -6.6700000e+02   2.9000000e+01
  -7.5700000e+02  -6.7400000e+02  -1.7000000e+01
  -6.1500000e+02  -7.2000000e+02   4.8000000e+01
  -4.5100000e+02  -9.1700000e+02   3.7500000e+02
  -2.8100000e+02  -9.8300000e+02   3.4900000e+02
  -1.6600000e+02  -1.0430000e+03   2.7500000e+02
  -1.2000000e+02  -1.0070000e+03   3.1100000e+02
  -1.8900000e+02  -9.3700000e+02   4.3900000e+02
  -1.6500000e+02  -8.9400000e+02   5.3700000e+02
  -2.0800000e+02  -9.7100000e+02   2.9000000e+02
  -3.0000000e+02  -1.0010000e+03   4.5000000e+01
  -5.7200000e+02  -8.5000000e+02  -2.7200000e+02
  -7.8500000e+02  -5.2200000e+02  -2.4300000e+02
  -8.9400000e+02  -4.8400000e+02  -2.2200000e+02
  -8.8100000e+02  -4.9400000e+02  -2.0200000e+02
  -8.0600000e+02  -5.1700000e+02  -2.4600000e+02
  -5.6900000e+02  -7.1400000e+02  -1.9100000e+02
  -5.6900000e+02  -7.1400000e+02  -1.9100000e+02
  -1.6700000e+02  -1.0370000e+03  -6.3000000e+01
  -1.6500000e+02  -9.8000000e+02   4.0500000e+02
  -1.5500000e+02  -8.8400000e+02   4.9700000e+02
  -1.6200000e+02  -9.9800000e+02   3.0400000e+02
  -2.9500000e+02  -1.0760000e+03   7.2000000e+01
  -4.7500000e+02  -8.7900000e+02  -5.8000000e+01
  -5.9500000e+02  -7.9200000e+02   8.0000000e+01
  -6.5200000e+02  -7.0400000e+02   2.4200000e+02
  -6.7600000e+02  -7.3500000e+02   2.3700000e+02
  -6.2400000e+02  -7.6400000e+02   2.0900000e+02
  -5.0400000e+02  -8.3800000e+02   3.9200000e+02
  -3.8500000e+02  -8.3700000e+02   4.9400000e+02
  -2.3800000e+02  -1.0370000e+03   4.4500000e+02
  -2.1300000e+02  -9.5800000e+02   3.3000000e+02
  -1.5600000e+02  -1.0060000e+03   3.6700000e+02
  -2.0200000e+02  -9.2100000e+02   4.1100000e+02
  -1.8000000e+02  -9.3000000e+02   4.9100000e+02
  -1.7800000e+02  -1.0160000e+03   2.9500000e+02
  -1.7800000e+02  -1.0160000e+03   2.9500000e+02
  -5.1700000e+02  -8.1900000e+02  -2.2000000e+02
  -6.8200000e+02  -7.0300000e+02  -1.3000000e+01
  -7.8600000e+02  -6.4200000e+02   1.0400000e+02
  -7.9100000e+02  -6.6300000e+02   7.1000000e+01
  -7.5100000e+02  -6.9400000e+02  -2.0000000e+00
  -6.1700000e+02  -8.2300000e+02   2.0200000e+02
  -4.0000000e+02  -1.0050000e+03   2.3300000e+02
  -1.9300000e+02  -1.0890000e+03   3.4800000e+02
  -1.5000000e+02  -1.0000000e+03   2.8700000e+02
  -1.6900000e+02  -8.7600000e+02   3.5700000e+02
  -1.5500000e+02  -9.7400000e+02   3.9600000e+02
  -1.9300000e+02  -1.0480000e+03   2.5700000e+02
  -4.2700000e+02  -9.8100000e+02  -9.6000000e+01
  -6.3400000e+02  -6.9200000e+02  -8.1000000e+01
