  -3.0300000e+02  -8.5200000e+02   5.6800000e+02
  -2.5200000e+02  -8.9000000e+02   4.9900000e+02
  -2.4600000e+02  -9.1300000e+02   5.2200000e+02
  -3.3000000e+02  -9.8100000e+02   7.2000000e+01
  -4.5100000e+02  -9.6000000e+02  -1.5300000e+02
  -6.1500000e+02  -7.9500000e+02  -3.2000000e+01
  -7.5600000e+02  -6.7500000e+02   8.3000000e+01
  -8.2300000e+02  -5.8100000e+02   1.8200000e+02
  -8.1800000e+02  -6.1200000e+02   1.2300000e+02
  -6.4000000e+02  -5.3600000e+02   1.0400000e+02
  -5.4800000e+02  -9.5900000e+02   5.8400000e+02
  -2.2900000e+02  -9.5800000e+02   4.2100000e+02
  -1.9800000e+02  -9.0300000e+02   5.6200000e+02
  -1.7800000e+02  -8.5100000e+02   4.6000000e+02
  -1.6900000e+02  -8.6100000e+02   5.3400000e+02
  -1.5900000e+02  -9.5400000e+02   5.3300000e+02
  -2.9000000e+02  -1.0530000e+03   9.2000000e+01
  -5.2300000e+02  -9.1200000e+02  -6.0000000e+00
  -7.1400000e+02  -6.7200000e+02   0.0000000e+00
  -8.4800000e+02  -5.4500000e+02   4.8000000e+01
  -8.8900000e+02  -5.2200000e+02   6.9000000e+01
  -8.8300000e+02  -5.3000000e+02  -2.6000000e+01
  -8.8900000e+02  -5.5700000e+02  -4.0000000e+00
  -8.5400000e+02  -4.7500000e+02   0.0000000e+00
  -6.9400000e+02  -6.2000000e+02   1.2700000e+02
  -4.3300000e+02  -1.0230000e+03   1.0100000e+02
  -2.8900000e+02  -1.0860000e+03   4.3900000e+02
  -2.5100000e+02  -7.8400000e+02   7.1700000e+02
  -2.5300000e+02  -7.2100000e+02   6.8400000e+02
  -2.1700000e+02  -7.5200000e+02   6.9400000e+02
  -1.3800000e+02  -8.5200000e+02   6.0400000e+02
  -1.4000000e+02  -9.4200000e+02   4.6000000e+02
  -1.8500000e+02  -1.0540000e+03   2.9000000e+02
  -3.6200000e+02  -1.0670000e+03  -3.5000000e+01
  -5.4900000e+02  -8.3200000e+02  -5.0000000e+01
  -7.4400000e+02  -6.6500000e+02   3.0000000e+01
  -8.4700000e+02  -5.9300000e+02   9.0000000e+01
  -8.5300000e+02  -5.7900000e+02   1.0100000e+02
  -8.2400000e+02  -6.1800000e+02   2.6000000e+01
  -7.1700000e+02  -5.6500000e+02   5.5000000e+01
  -6.3800000e+02  -9.2500000e+02   8.4000000e+01
  -3.4200000e+02  -9.7100000e+02   3.7000000e+02
  -1.7800000e+02  -9.6700000e+02   4.5800000e+02
  -1.3100000e+02  -9.0800000e+02   4.3200000e+02
  -1.9800000e+02  -9.2700000e+02   4.1000000e+02
  -1.9500000e+02  -8.6900000e+02   5.0800000e+02
  -1.4300000e+02  -9.2100000e+02   4.9700000e+02
  -2.4600000e+02  -1.0490000e+03   2.6400000e+02
  -4.9400000e+02  -9.8000000e+02   5.3000000e+01
  -6.6000000e+02  -6.6300000e+02   1.8000000e+01
  -8.1400000e+02  -5.5700000e+02   1.4200000e+02
  -8.6000000e+02  -5.4500000e+02   1.2000000e+02
  -7.8600000e+02  -5.5000000e+02   9.9000000e+01
  -5.9000000e+02  -7.4800000e+02   4.3100000e+02
  -4.1700000e+02  -7.0900000e+02   7.5500000e+02
  -3.5200000e+02  -8.0500000e+02   5.8800000e+02
  -3.6900000e+02  -7.8300000e+02   5.8200000e+02
  -3.7900000e+02  -7.7800000e+02   5.2300000e+02
  -3.6700000e+02  -7.6500000e+02   6.5400000e+02
  -2.3500000e+02  -8.6400000e+02   5.6200000e+02
  -1.9800000e+02  -1.0060000e+03   3.6800000e+02
  -3.8200000e+02  -1.0400000e+03   1.4400000e+02
  -5.5600000e+02  -8.2000000e+02  -7.7000000e+01
  -7.0000000e+02  -6.6000000e+02   1.4100000e+02
  -8.3300000e+02  -5.9300000e+02   2.2600000e+02
  -8.4700000e+02  -6.0200000e+02   1.2300000e+02
  -7.8200000e+02  -6.0300000e+02   1.0900000e+02
  -6.2600000e+02  -5.8100000e+02   1.3200000e+02
  -4.0200000e+02  -1.0240000e+03   4.6900000e+02
  -2.1500000e+02  -9.6400000e+02   4.9100000e+02
  -1.8400000e+02  -8.9300000e+02   5.6000000e+02
  -2.2200000e+02  -8.5400000e+02   5.0800000e+02
  -1.9400000e+02  -8.7100000e+02   5.3200000e+02
  -1.2700000e+02  -9.3200000e+02   5.2600000e+02
  -1.2700000e+02  -9.3200000e+02   5.2600000e+02
  -5.1600000e+02  -8.9300000e+02  -2.0900000e+02
  -7.3500000e+02  -5.8600000e+02  -9.1000000e+01
  -9.1100000e+02  -5.0500000e+02  -3.3000000e+01
  -9.1500000e+02  -4.2200000e+02   1.1000000e+01
  -8.8100000e+02  -5.2300000e+02  -9.4000000e+01
  -6.8100000e+02  -7.1200000e+02   1.9500000e+02
  -4.9200000e+02  -7.6100000e+02   5.7700000e+02
  -2.1100000e+02  -9.6200000e+02   4.8600000e+02
  -1.0200000e+02  -9.4000000e+02   4.6600000e+02
  -1.0100000e+02  -8.7700000e+02   5.0400000e+02
  -1.1300000e+02  -9.0000000e+02   4.6300000e+02
  -7.4000000e+01  -9.2200000e+02   4.5700000e+02
  -8.0000000e+01  -9.5800000e+02   4.2800000e+02
  -8.0000000e+01  -9.5800000e+02   4.2800000e+02
  -5.2300000e+02  -7.9000000e+02  -1.8500000e+02
  -7.9400000e+02  -5.1700000e+02  -1.2600000e+02
  -8.9200000e+02  -4.3000000e+02  -9.8000000e+01
  -8.6400000e+02  -5.0200000e+02  -2.1900000e+02
  -8.8500000e+02  -5.1800000e+02  -2.8400000e+02
  -6.0400000e+02  -6.1800000e+02  -1.2600000e+02
  -6.0400000e+02  -6.1800000e+02  -1.2600000e+02
