  -1.4700000e+02  -1.0720000e+03   4.0400000e+02
  -1.4100000e+02  -1.0740000e+03   3.5400000e+02
  -1.4100000e+02  -1.0740000e+03   3.5400000e+02
  -6.2300000e+02  -6.9300000e+02  -2.5600000e+02
  -8.6200000e+02  -3.7900000e+02  -1.7000000e+01
  -9.6800000e+02  -3.0700000e+02   5.4000000e+01
  -9.3500000e+02  -3.4300000e+02  -7.8000000e+01
  -6.6100000e+02  -5.9500000e+02   4.1000000e+01
  -6.6100000e+02  -5.9500000e+02   4.1000000e+01
  -1.2100000e+02  -9.5000000e+02   3.5200000e+02
  -4.5000000e+01  -9.5300000e+02   3.7000000e+02
  -9.0000000e+00  -9.4800000e+02   3.7000000e+02
  -5.3000000e+01  -1.0600000e+03   2.8300000e+02
  -3.3900000e+02  -1.0120000e+03  -1.7200000e+02
  -6.7800000e+02  -6.5100000e+02  -1.7700000e+02
  -8.7400000e+02  -4.7600000e+02   1.1000000e+01
  -9.4600000e+02  -3.6800000e+02   8.4000000e+01
  -9.2000000e+02  -4.2400000e+02  -9.0000000e+00
  -8.0700000e+02  -6.1300000e+02  -3.3000000e+01
  -5.4700000e+02  -8.0000000e+02   3.1000000e+01
  -5.4700000e+02  -8.0000000e+02   3.1000000e+01
  -2.3600000e+02  -1.0580000e+03   2.9000000e+02
  -2.7200000e+02  -7.6300000e+02   3.9600000e+02
  -2.4500000e+02  -9.5300000e+02   4.4100000e+02
  -2.1600000e+02  -1.0160000e+03   3.0400000e+02
  -2.1600000e+02  -1.0160000e+03   3.0400000e+02
  -6.1000000e+02  -7.5100000e+02  -2.0900000e+02
  -8.2000000e+02  -4.5700000e+02  -5.4000000e+01
  -9.6700000e+02  -3.2100000e+02   2.2000000e+01
  -9.7500000e+02  -2.9700000e+02   3.9000000e+01
  -9.6300000e+02  -3.3100000e+02   5.0000000e+00
  -8.4000000e+02  -2.9000000e+02  -2.0000000e+01
  -7.0200000e+02  -6.8200000e+02   1.0300000e+02
  -3.9300000e+02  -1.0460000e+03   1.2700000e+02
  -2.6700000e+02  -1.0300000e+03   3.3000000e+02
  -2.1400000e+02  -9.3500000e+02   4.7200000e+02
  -2.4400000e+02  -9.0200000e+02   3.3400000e+02
  -2.3500000e+02  -9.9000000e+02   3.8500000e+02
  -2.8400000e+02  -9.8000000e+02   3.3300000e+02
  -5.7700000e+02  -9.3400000e+02   8.0000000e+00
  -7.3600000e+02  -6.4700000e+02  -8.6000000e+01
  -9.1800000e+02  -4.1000000e+02   5.1000000e+01
  -9.5700000e+02  -3.5800000e+02   9.4000000e+01
  -9.2500000e+02  -4.2400000e+02   0.0000000e+00
  -9.0300000e+02  -4.5500000e+02   8.0000000e+00
  -7.1600000e+02  -5.8200000e+02  -2.6000000e+01
  -5.1000000e+02  -1.0040000e+03   5.8000000e+01
  -3.0600000e+02  -9.9900000e+02   3.1500000e+02
  -2.6600000e+02  -8.4900000e+02   4.9500000e+02
  -2.3800000e+02  -9.8300000e+02   5.4200000e+02
  -3.2800000e+02  -1.0450000e+03  -5.5000000e+01
  -5.7800000e+02  -8.5900000e+02  -1.1700000e+02
  -7.7900000e+02  -6.0000000e+02  -2.1000000e+01
  -9.2700000e+02  -4.9900000e+02  -5.1000000e+01
  -9.8800000e+02  -4.0700000e+02  -1.0000000e+01
  -9.0700000e+02  -3.7100000e+02  -4.7000000e+01
  -6.9000000e+02  -6.2000000e+02   2.7900000e+02
  -4.4500000e+02  -1.0370000e+03   3.6000000e+02
  -2.2100000e+02  -9.5900000e+02   4.3700000e+02
  -1.9000000e+02  -8.6600000e+02   5.2300000e+02
  -1.8800000e+02  -9.7100000e+02   5.1800000e+02
  -2.1500000e+02  -1.0480000e+03   3.9500000e+02
  -4.7500000e+02  -9.3600000e+02  -1.6700000e+02
  -7.3300000e+02  -5.9500000e+02  -1.9500000e+02
  -7.3300000e+02  -5.9500000e+02  -1.9500000e+02
  -9.1200000e+02  -4.2100000e+02  -4.7000000e+01
  -9.5000000e+02  -3.8700000e+02   2.2000000e+01
  -9.3200000e+02  -4.2400000e+02  -1.1900000e+02
  -7.3700000e+02  -3.7600000e+02  -7.0000000e+01
  -7.3700000e+02  -3.7600000e+02  -7.0000000e+01
  -2.7300000e+02  -1.0570000e+03   3.1700000e+02
  -1.6600000e+02  -9.0800000e+02   4.6300000e+02
  -2.1200000e+02  -8.1100000e+02   5.3100000e+02
  -1.6200000e+02  -8.6500000e+02   5.3300000e+02
  -2.6400000e+02  -1.0910000e+03   2.9300000e+02
  -4.7500000e+02  -9.1600000e+02  -1.9000000e+02
  -7.3000000e+02  -5.8200000e+02  -1.9900000e+02
  -9.1200000e+02  -4.3800000e+02  -1.1000000e+02
  -9.4700000e+02  -4.1600000e+02  -1.4900000e+02
  -9.4400000e+02  -3.6800000e+02  -1.1300000e+02
  -8.8300000e+02  -4.0500000e+02  -1.4200000e+02
  -7.1400000e+02  -7.3200000e+02  -6.0000000e+00
  -4.3900000e+02  -9.9000000e+02  -4.0000000e+00
  -2.2800000e+02  -1.0600000e+03   8.2000000e+01
  -2.2600000e+02  -9.2100000e+02   3.2300000e+02
  -2.0000000e+02  -9.1500000e+02   3.8100000e+02
  -1.7800000e+02  -9.9000000e+02   3.8200000e+02
  -4.4600000e+02  -1.0390000e+03   2.2000000e+01
  -6.8400000e+02  -6.6500000e+02  -9.6000000e+01
  -8.8000000e+02  -4.7600000e+02  -1.7900000e+02
  -9.4100000e+02  -4.0000000e+02  -1.1200000e+02
  -9.1000000e+02  -4.6800000e+02  -1.7500000e+02
  -6.9500000e+02  -4.3300000e+02  -1.7100000e+02
  -5.1500000e+02  -1.0910000e+03  -3.2000000e+01
  -2.8400000e+02  -9.9000000e+02   2.7000000e+01
  -2.4400000e+02  -9.7500000e+02   3.1100000e+02
