  -2.3900000e+02  -8.5200000e+02   5.3800000e+02
  -2.3500000e+02  -8.6800000e+02   5.0800000e+02
  -2.5100000e+02  -8.5100000e+02   4.8500000e+02
  -1.8400000e+02  -8.8800000e+02   4.7900000e+02
  -1.2800000e+02  -9.8300000e+02   4.4800000e+02
  -1.7900000e+02  -1.0850000e+03   2.0600000e+02
  -1.7900000e+02  -1.0850000e+03   2.0600000e+02
  -4.7900000e+02  -7.4900000e+02   7.5000000e+01
  -6.4200000e+02  -7.5000000e+02   3.3300000e+02
  -6.4500000e+02  -7.7200000e+02   2.4600000e+02
  -5.7600000e+02  -7.6100000e+02   2.4800000e+02
  -4.7100000e+02  -8.2900000e+02   3.9600000e+02
  -2.4400000e+02  -1.0110000e+03   3.7600000e+02
  -2.3100000e+02  -8.9000000e+02   4.3400000e+02
  -1.6800000e+02  -9.3400000e+02   4.3200000e+02
  -1.1300000e+02  -9.9700000e+02   3.3100000e+02
  -1.8900000e+02  -1.0750000e+03   7.8000000e+01
  -4.5600000e+02  -9.2200000e+02  -1.7200000e+02
  -6.8500000e+02  -6.4700000e+02   2.7000000e+01
  -8.6100000e+02  -5.3100000e+02   1.3400000e+02
  -8.6000000e+02  -6.0700000e+02  -1.0000000e+00
  -7.2100000e+02  -4.2200000e+02   2.2000000e+01
  -4.9900000e+02  -9.4300000e+02   2.5000000e+02
  -1.8200000e+02  -9.7600000e+02   3.5700000e+02
  -1.6100000e+02  -9.8900000e+02   3.6200000e+02
  -1.5500000e+02  -9.1100000e+02   4.1500000e+02
  -1.3800000e+02  -9.0000000e+02   4.4400000e+02
  -9.4000000e+01  -9.3700000e+02   7.5500000e+02
  -1.5500000e+02  -1.0490000e+03   2.6400000e+02
  -3.8100000e+02  -9.4300000e+02  -2.5800000e+02
  -6.0800000e+02  -6.3100000e+02  -3.0000000e+00
  -8.0500000e+02  -5.9300000e+02   1.4100000e+02
  -7.7200000e+02  -6.1800000e+02  -6.0000000e+00
  -6.0300000e+02  -4.6000000e+02   2.0000000e+00
  -4.6800000e+02  -9.5400000e+02   5.3400000e+02
  -1.5800000e+02  -9.9900000e+02   4.0400000e+02
  -9.3000000e+01  -9.6500000e+02   4.5100000e+02
  -1.6100000e+02  -9.4800000e+02   3.9200000e+02
  -1.3200000e+02  -9.1600000e+02   5.1800000e+02
  -8.2000000e+01  -9.4000000e+02   5.1300000e+02
  -8.2000000e+01  -9.4000000e+02   5.1300000e+02
  -4.1800000e+02  -1.0380000e+03  -1.1300000e+02
  -6.6500000e+02  -6.4300000e+02  -5.6000000e+01
  -8.6100000e+02  -5.1100000e+02   1.0800000e+02
  -8.4100000e+02  -5.6100000e+02  -2.6000000e+01
  -6.1300000e+02  -4.7200000e+02   3.2000000e+01
  -6.1300000e+02  -4.7200000e+02   3.2000000e+01
  -1.4100000e+02  -1.0770000e+03   3.7000000e+02
  -1.2300000e+02  -9.4300000e+02   4.4000000e+02
  -8.9000000e+01  -9.5700000e+02   4.7600000e+02
  -6.2000000e+01  -9.8000000e+02   4.0900000e+02
  -6.2000000e+01  -9.8000000e+02   4.0900000e+02
  -5.2400000e+02  -7.8900000e+02  -1.8500000e+02
  -7.6900000e+02  -5.9900000e+02   0.0000000e+00
  -8.7200000e+02  -5.0900000e+02   9.6000000e+01
  -8.4600000e+02  -5.6000000e+02   2.4000000e+01
  -6.8800000e+02  -5.0700000e+02  -2.5000000e+01
  -4.9300000e+02  -9.4500000e+02   7.9000000e+01
  -2.3600000e+02  -9.8100000e+02   3.7100000e+02
  -1.6000000e+02  -9.4700000e+02   5.6900000e+02
  -1.7100000e+02  -8.4500000e+02   5.3800000e+02
  -5.3000000e+01  -9.1600000e+02   5.4800000e+02
  -5.3000000e+01  -9.1600000e+02   5.4800000e+02
  -4.1100000e+02  -9.5400000e+02  -2.6400000e+02
  -6.9600000e+02  -5.7900000e+02  -9.3000000e+01
  -9.0900000e+02  -4.7600000e+02   7.6000000e+01
  -9.2200000e+02  -4.2600000e+02   4.4000000e+01
  -7.9800000e+02  -4.4200000e+02  -4.2000000e+01
  -5.5500000e+02  -7.6900000e+02   1.6500000e+02
  -2.4800000e+02  -1.0400000e+03   3.6600000e+02
  -1.0400000e+02  -9.8700000e+02   2.9900000e+02
  -1.4000000e+02  -9.1900000e+02   4.6800000e+02
  -1.5300000e+02  -8.4000000e+02   4.5300000e+02
  -6.2000000e+01  -9.8800000e+02   4.5600000e+02
  -2.0600000e+02  -1.0970000e+03  -1.1800000e+02
  -5.0000000e+02  -7.9200000e+02  -3.4100000e+02
  -7.6800000e+02  -5.7700000e+02  -1.2300000e+02
  -8.9200000e+02  -4.6000000e+02   1.0000000e+01
  -8.4100000e+02  -5.4900000e+02  -1.1000000e+02
  -5.1900000e+02  -7.1600000e+02   2.2400000e+02
  -2.5600000e+02  -9.0400000e+02   3.8100000e+02
  -1.2400000e+02  -9.0800000e+02   5.0300000e+02
  -1.6000000e+02  -8.3400000e+02   5.5700000e+02
  -1.2200000e+02  -9.4500000e+02   4.9200000e+02
  -4.2000000e+01  -9.9900000e+02   4.0300000e+02
  -2.5600000e+02  -1.0170000e+03  -2.8500000e+02
  -5.7300000e+02  -6.7100000e+02  -2.4500000e+02
  -8.2000000e+02  -5.1800000e+02  -8.4000000e+01
  -9.0900000e+02  -4.6200000e+02   7.8000000e+01
  -8.7700000e+02  -5.6800000e+02  -7.2000000e+01
  -3.7100000e+02  -1.0360000e+03   2.5800000e+02
  -1.0300000e+02  -1.0510000e+03   3.0900000e+02
  -6.5000000e+01  -9.7700000e+02   3.7600000e+02
  -1.1500000e+02  -9.8600000e+02   2.9100000e+02
  -3.0000000e+01  -9.7900000e+02   3.8500000e+02
  -2.5600000e+02  -1.0660000e+03  -1.4100000e+02
