  -2.4500000e+02  -9.1900000e+02   4.9500000e+02
  -2.4200000e+02  -9.6700000e+02   3.5800000e+02
  -3.6300000e+02  -1.0530000e+03   1.1000000e+02
  -5.6800000e+02  -8.0100000e+02  -1.1400000e+02
  -7.4500000e+02  -6.0000000e+02   2.0000000e+00
  -8.5700000e+02  -5.5700000e+02   1.6600000e+02
  -8.6800000e+02  -5.3900000e+02   1.0500000e+02
  -8.2500000e+02  -4.8800000e+02   2.0000000e+01
  -6.3000000e+02  -8.2600000e+02  -6.5000000e+01
  -3.5400000e+02  -1.0130000e+03   6.9000000e+01
  -2.4100000e+02  -1.0100000e+03   1.7600000e+02
  -2.2700000e+02  -9.9900000e+02   1.8100000e+02
  -2.6400000e+02  -9.7900000e+02   1.7000000e+02
  -2.4000000e+02  -1.0540000e+03   1.6100000e+02
  -5.0000000e+02  -9.7800000e+02  -1.4400000e+02
  -7.2200000e+02  -6.1000000e+02  -1.8300000e+02
  -8.9300000e+02  -3.8900000e+02  -1.2200000e+02
  -9.5800000e+02  -2.4300000e+02   6.0000000e+00
  -9.1800000e+02  -3.7300000e+02  -8.0000000e+01
  -7.5800000e+02  -3.8300000e+02   6.0000000e+00
  -6.2000000e+02  -7.8400000e+02   6.5000000e+01
  -2.8100000e+02  -1.0220000e+03   1.0000000e+02
  -2.2100000e+02  -1.0230000e+03   2.0500000e+02
  -2.0000000e+02  -9.5800000e+02   2.4900000e+02
  -2.2000000e+02  -9.6600000e+02   3.2000000e+02
  -2.4900000e+02  -1.0360000e+03   2.1700000e+02
  -4.5100000e+02  -9.9200000e+02  -1.2800000e+02
  -6.3800000e+02  -5.9600000e+02  -2.5900000e+02
  -8.8500000e+02  -4.3800000e+02  -8.0000000e+01
  -9.6800000e+02  -3.8900000e+02  -1.0000000e+02
  -9.3400000e+02  -3.7000000e+02  -1.1800000e+02
  -9.3400000e+02  -3.7000000e+02  -1.1800000e+02
  -2.5400000e+02  -1.0840000e+03   2.1500000e+02
  -2.5200000e+02  -9.9400000e+02   2.4200000e+02
  -2.5800000e+02  -9.7700000e+02   2.6700000e+02
  -2.1800000e+02  -1.0190000e+03   3.0600000e+02
  -3.7800000e+02  -1.0690000e+03  -7.6000000e+01
  -5.7600000e+02  -7.6800000e+02  -2.4600000e+02
  -5.7600000e+02  -7.6800000e+02  -2.4600000e+02
  -7.9300000e+02  -5.2600000e+02  -1.0500000e+02
  -9.3400000e+02  -3.5100000e+02   3.7000000e+01
  -9.5200000e+02  -3.7100000e+02  -7.1000000e+01
  -8.5500000e+02  -4.7100000e+02  -1.3800000e+02
  -6.4500000e+02  -5.7000000e+02  -1.7700000e+02
  -6.4500000e+02  -5.7000000e+02  -1.7700000e+02
  -2.4300000e+02  -1.0060000e+03   9.2000000e+01
  -2.9100000e+02  -9.6400000e+02   4.2000000e+01
  -2.7800000e+02  -1.0000000e+03   7.4000000e+01
  -2.7800000e+02  -1.0000000e+03   7.4000000e+01
  -4.6000000e+02  -8.6200000e+02  -3.1400000e+02
  -7.1700000e+02  -6.1900000e+02  -2.8000000e+02
  -8.7500000e+02  -4.7400000e+02  -1.9200000e+02
  -9.2500000e+02  -3.5800000e+02  -5.4000000e+01
  -9.1400000e+02  -3.7200000e+02  -1.3100000e+02
  -7.7600000e+02  -2.9300000e+02  -1.2600000e+02
  -6.5000000e+02  -1.0080000e+03   8.2000000e+01
  -4.0500000e+02  -1.0460000e+03   2.2100000e+02
  -2.5200000e+02  -1.0490000e+03   2.7800000e+02
  -2.4000000e+02  -9.6100000e+02   3.2300000e+02
  -2.6600000e+02  -9.7000000e+02   2.6100000e+02
  -2.4500000e+02  -1.0500000e+03   3.0600000e+02
  -5.2000000e+02  -9.4900000e+02  -1.3400000e+02
  -7.1400000e+02  -5.8400000e+02  -9.3000000e+01
  -8.8500000e+02  -4.6800000e+02  -3.7000000e+01
  -9.3500000e+02  -4.2000000e+02  -9.5000000e+01
  -8.8900000e+02  -4.4900000e+02  -1.5400000e+02
  -7.1800000e+02  -4.4800000e+02  -7.4000000e+01
  -4.8100000e+02  -9.7100000e+02   1.5200000e+02
  -2.6900000e+02  -1.0490000e+03   2.6600000e+02
  -1.9900000e+02  -9.9900000e+02   2.6300000e+02
  -2.5500000e+02  -9.6000000e+02   3.3400000e+02
  -2.1700000e+02  -9.0600000e+02   2.6800000e+02
  -2.0000000e+02  -1.0410000e+03   2.3800000e+02
  -3.2000000e+02  -1.0200000e+03  -1.7500000e+02
  -6.0100000e+02  -7.3400000e+02  -3.0300000e+02
  -8.1800000e+02  -5.1900000e+02  -1.8000000e+02
  -9.3500000e+02  -3.8500000e+02  -9.3000000e+01
  -9.4000000e+02  -3.4100000e+02  -9.6000000e+01
  -8.6100000e+02  -3.7800000e+02  -1.6200000e+02
  -6.9900000e+02  -6.3200000e+02   5.9000000e+01
  -4.2200000e+02  -1.0260000e+03   3.5700000e+02
  -2.6200000e+02  -9.9700000e+02   3.8500000e+02
  -2.5400000e+02  -9.3300000e+02   4.2300000e+02
  -2.9900000e+02  -9.7600000e+02   3.1100000e+02
  -2.9900000e+02  -9.7600000e+02   3.1100000e+02
  -2.9900000e+02  -9.7600000e+02   3.1100000e+02
  -5.1400000e+02  -9.1000000e+02  -1.8200000e+02
  -7.5000000e+02  -5.2100000e+02  -2.3300000e+02
  -9.1400000e+02  -4.6000000e+02  -1.7400000e+02
  -9.3900000e+02  -3.9300000e+02  -1.2200000e+02
  -9.2600000e+02  -4.4800000e+02  -1.7900000e+02
  -9.0500000e+02  -5.4100000e+02  -2.9100000e+02
  -6.7300000e+02  -8.5300000e+02   8.4000000e+01
  -6.7300000e+02  -8.5300000e+02   8.4000000e+01
  -2.7700000e+02  -1.0250000e+03   2.6000000e+02
  -2.5400000e+02  -9.6200000e+02   2.5500000e+02
