  -2.9900000e+02  -9.2600000e+02   4.2500000e+02
  -3.1900000e+02  -1.0220000e+03   2.5800000e+02
  -4.6900000e+02  -9.3200000e+02  -1.0200000e+02
  -6.8000000e+02  -7.1100000e+02  -1.3000000e+02
  -8.3400000e+02  -5.4200000e+02   7.0000000e+00
  -9.0200000e+02  -5.0200000e+02   0.0000000e+00
  -8.7500000e+02  -4.8900000e+02   6.0000000e+00
  -6.6800000e+02  -5.5100000e+02   9.8000000e+01
  -6.6800000e+02  -5.5100000e+02   9.8000000e+01
  -2.6500000e+02  -9.7200000e+02   4.2800000e+02
  -2.2900000e+02  -8.5100000e+02   4.6900000e+02
  -2.4100000e+02  -9.9300000e+02   4.9900000e+02
  -4.5800000e+02  -9.1900000e+02  -1.6700000e+02
  -7.5800000e+02  -5.8200000e+02  -1.9200000e+02
  -9.1500000e+02  -4.2900000e+02  -4.1000000e+01
  -9.4500000e+02  -4.0100000e+02  -5.9000000e+01
  -9.4900000e+02  -4.4700000e+02  -1.5500000e+02
  -8.2900000e+02  -3.9800000e+02  -1.4200000e+02
  -6.8000000e+02  -6.7400000e+02   4.0000000e+00
  -4.5700000e+02  -1.0250000e+03   3.0500000e+02
  -2.7300000e+02  -9.3700000e+02   4.7300000e+02
  -2.7700000e+02  -8.7300000e+02   4.7300000e+02
  -3.0300000e+02  -9.2900000e+02   4.0800000e+02
  -1.8600000e+02  -9.6500000e+02   4.4600000e+02
  -2.9500000e+02  -1.0450000e+03   3.3400000e+02
  -4.4300000e+02  -9.7100000e+02   6.0000000e+00
  -6.1400000e+02  -7.8600000e+02  -5.2000000e+01
  -7.7000000e+02  -6.6000000e+02  -5.0000000e+00
  -8.5200000e+02  -5.7500000e+02   6.0000000e+00
  -8.0800000e+02  -5.9500000e+02  -7.8000000e+01
  -6.8600000e+02  -6.8700000e+02  -1.0100000e+02
  -3.6500000e+02  -1.0390000e+03  -5.4000000e+01
  -2.4000000e+02  -1.0480000e+03   1.9700000e+02
  -2.7200000e+02  -1.0380000e+03   3.0100000e+02
  -2.1300000e+02  -9.3100000e+02   4.3800000e+02
  -2.3800000e+02  -9.5700000e+02   3.1400000e+02
  -3.4800000e+02  -1.0020000e+03  -1.2800000e+02
  -6.0200000e+02  -7.1700000e+02  -1.6000000e+02
  -8.4900000e+02  -5.6100000e+02   0.0000000e+00
  -9.2500000e+02  -5.1300000e+02  -1.0300000e+02
  -8.3200000e+02  -4.5600000e+02  -8.8000000e+01
  -6.2800000e+02  -8.3600000e+02  -6.1000000e+01
  -3.8000000e+02  -9.5200000e+02   3.3100000e+02
  -2.1000000e+02  -9.4300000e+02   4.2100000e+02
  -2.0200000e+02  -9.3500000e+02   3.8900000e+02
  -2.2500000e+02  -9.1400000e+02   4.3600000e+02
  -2.2500000e+02  -9.1400000e+02   4.3600000e+02
  -5.6300000e+02  -8.5900000e+02  -2.5100000e+02
  -7.5600000e+02  -5.6600000e+02  -1.3700000e+02
  -9.0300000e+02  -4.5400000e+02  -3.0000000e+01
  -9.3100000e+02  -4.1500000e+02  -1.8000000e+01
  -9.0200000e+02  -4.8000000e+02  -6.9000000e+01
  -8.2000000e+02  -4.9200000e+02   7.1000000e+01
  -5.8600000e+02  -7.2800000e+02   2.9300000e+02
  -3.4600000e+02  -9.6300000e+02   3.2600000e+02
  -2.4500000e+02  -1.0140000e+03   3.8200000e+02
  -2.5200000e+02  -9.4800000e+02   3.9400000e+02
  -2.5200000e+02  -9.4800000e+02   3.9400000e+02
  -5.6500000e+02  -9.0300000e+02  -1.2500000e+02
  -7.7600000e+02  -5.3000000e+02  -7.4000000e+01
  -9.2700000e+02  -4.5300000e+02  -6.0000000e+00
  -9.2600000e+02  -4.0700000e+02  -1.7000000e+01
  -8.7300000e+02  -4.3500000e+02  -6.5000000e+01
  -6.4700000e+02  -7.5300000e+02  -6.5000000e+01
  -4.4800000e+02  -9.5700000e+02   5.6000000e+01
  -2.6100000e+02  -1.0830000e+03   4.0400000e+02
  -2.6400000e+02  -8.5700000e+02   6.1300000e+02
  -2.6900000e+02  -7.6500000e+02   6.8600000e+02
  -2.2300000e+02  -9.1500000e+02   5.5700000e+02
  -3.9800000e+02  -1.0520000e+03   2.0000000e+00
  -6.2800000e+02  -7.3700000e+02  -8.5000000e+01
  -9.1300000e+02  -3.9300000e+02   8.0000000e+01
  -8.8900000e+02  -4.7200000e+02  -3.7000000e+01
  -7.2900000e+02  -4.8700000e+02  -1.9000000e+01
  -5.2800000e+02  -9.0200000e+02   3.5700000e+02
  -2.5400000e+02  -1.0290000e+03   3.6300000e+02
  -1.8100000e+02  -9.6600000e+02   3.6400000e+02
  -2.2700000e+02  -9.1600000e+02   3.1900000e+02
  -1.9700000e+02  -9.2100000e+02   4.1500000e+02
  -1.9700000e+02  -9.2100000e+02   4.1500000e+02
  -4.9300000e+02  -9.2400000e+02  -3.0200000e+02
  -7.4700000e+02  -5.1600000e+02  -2.9900000e+02
  -8.8700000e+02  -3.8700000e+02  -1.2600000e+02
  -9.0800000e+02  -3.8000000e+02  -1.7600000e+02
  -8.5100000e+02  -4.5600000e+02  -2.5300000e+02
  -6.0700000e+02  -5.2500000e+02  -1.6000000e+02
  -6.0700000e+02  -5.2500000e+02  -1.6000000e+02
  -2.5400000e+02  -1.0190000e+03   1.5400000e+02
  -2.4500000e+02  -1.0070000e+03   3.2200000e+02
  -2.8600000e+02  -9.1000000e+02   3.6100000e+02
  -2.1300000e+02  -1.0400000e+03   3.9700000e+02
  -4.2400000e+02  -9.1900000e+02  -1.8200000e+02
  -6.5400000e+02  -6.8100000e+02  -2.5600000e+02
  -8.5900000e+02  -4.4800000e+02  -1.9000000e+02
  -8.5900000e+02  -4.4800000e+02  -1.9000000e+02
  -9.2500000e+02  -3.8500000e+02  -1.0100000e+02
