  -3.2500000e+02  -8.8000000e+02   5.0600000e+02
  -3.6500000e+02  -1.0760000e+03   4.8300000e+02
  -5.6100000e+02  -9.1600000e+02  -1.1700000e+02
  -7.5500000e+02  -5.7000000e+02   3.1000000e+01
  -9.0800000e+02  -4.0600000e+02   2.0500000e+02
  -9.1400000e+02  -4.1700000e+02   1.4700000e+02
  -8.8100000e+02  -4.5100000e+02   1.1600000e+02
  -7.5000000e+02  -5.9300000e+02   1.4200000e+02
  -5.8400000e+02  -8.7400000e+02   8.7000000e+01
  -3.4600000e+02  -9.6100000e+02   3.6300000e+02
  -2.6400000e+02  -9.3800000e+02   4.6100000e+02
  -2.3000000e+02  -8.7700000e+02   3.8600000e+02
  -2.1900000e+02  -9.1900000e+02   5.0100000e+02
  -2.5200000e+02  -9.6000000e+02   4.1600000e+02
  -5.0400000e+02  -9.8600000e+02   4.5000000e+01
  -6.9400000e+02  -6.4600000e+02  -6.9000000e+01
  -8.7300000e+02  -4.8200000e+02   8.4000000e+01
  -9.4200000e+02  -3.8400000e+02   1.0900000e+02
  -9.3000000e+02  -4.1400000e+02   5.8000000e+01
  -9.1800000e+02  -4.8400000e+02   9.0000000e+00
  -7.6800000e+02  -5.7300000e+02  -1.7000000e+01
  -5.4300000e+02  -1.0280000e+03   5.8000000e+01
  -2.9000000e+02  -9.7100000e+02   2.2900000e+02
  -2.6300000e+02  -9.4200000e+02   3.9200000e+02
  -2.6700000e+02  -8.7500000e+02   3.4500000e+02
  -2.1500000e+02  -1.0620000e+03   4.4000000e+02
  -3.3300000e+02  -1.0290000e+03   2.5300000e+02
  -5.2200000e+02  -9.0400000e+02  -4.7000000e+01
  -7.1200000e+02  -6.7200000e+02  -1.7000000e+01
  -8.7600000e+02  -5.0200000e+02   5.2000000e+01
  -9.3600000e+02  -4.5400000e+02   3.1000000e+01
  -9.0800000e+02  -4.9300000e+02  -1.6000000e+01
  -8.6900000e+02  -4.6000000e+02  -2.0000000e+01
  -7.5800000e+02  -9.3600000e+02   1.1000000e+02
  -4.9800000e+02  -9.6600000e+02   1.1900000e+02
  -3.1400000e+02  -9.9800000e+02   2.3800000e+02
  -2.3800000e+02  -9.8800000e+02   3.5000000e+02
  -2.6400000e+02  -8.9800000e+02   3.2700000e+02
  -2.2400000e+02  -9.3200000e+02   4.0200000e+02
  -3.4100000e+02  -1.0310000e+03   2.1800000e+02
  -5.1000000e+02  -8.8400000e+02  -2.3300000e+02
  -7.1900000e+02  -5.9300000e+02  -1.4700000e+02
  -8.9600000e+02  -4.4800000e+02  -2.2000000e+01
  -9.4000000e+02  -4.6800000e+02  -7.6000000e+01
  -9.2000000e+02  -4.2800000e+02  -6.6000000e+01
  -8.7700000e+02  -4.6200000e+02  -1.1400000e+02
  -6.5800000e+02  -7.1700000e+02   6.9000000e+01
  -4.5600000e+02  -1.0050000e+03   7.0000000e+01
  -3.6000000e+02  -1.0190000e+03   2.9800000e+02
  -3.1800000e+02  -9.3600000e+02   3.2000000e+02
  -3.3500000e+02  -9.3400000e+02   3.3800000e+02
  -2.7000000e+02  -1.0130000e+03   3.0700000e+02
  -4.1100000e+02  -8.0600000e+02  -2.1800000e+02
  -6.4500000e+02  -6.9500000e+02  -2.3100000e+02
  -8.5000000e+02  -5.1100000e+02  -1.4000000e+02
  -9.1800000e+02  -4.2200000e+02  -6.5000000e+01
  -9.0300000e+02  -4.6500000e+02  -1.2300000e+02
  -8.1900000e+02  -3.8900000e+02  -6.4000000e+01
  -6.1600000e+02  -9.6000000e+02   2.6100000e+02
  -3.9200000e+02  -9.7600000e+02   4.3000000e+02
  -2.7400000e+02  -9.3000000e+02   4.5100000e+02
  -3.2900000e+02  -7.9500000e+02   4.4500000e+02
  -2.5900000e+02  -9.5300000e+02   5.3100000e+02
  -3.3200000e+02  -1.0110000e+03   3.8500000e+02
  -5.6100000e+02  -8.7900000e+02  -1.4300000e+02
  -7.2500000e+02  -4.9500000e+02  -1.6200000e+02
  -8.8900000e+02  -4.1400000e+02  -1.4000000e+02
  -9.4300000e+02  -3.5700000e+02  -1.2500000e+02
  -9.5000000e+02  -3.9600000e+02  -1.6900000e+02
  -9.1200000e+02  -3.8400000e+02  -1.5800000e+02
  -7.5300000e+02  -4.5200000e+02  -8.5000000e+01
  -6.7100000e+02  -7.5200000e+02  -7.3000000e+01
  -4.0700000e+02  -9.5700000e+02   2.5000000e+02
  -2.9600000e+02  -9.2300000e+02   4.6100000e+02
  -3.2400000e+02  -8.6600000e+02   4.2400000e+02
  -3.0100000e+02  -8.8200000e+02   4.5000000e+02
  -2.6600000e+02  -9.7000000e+02   4.5300000e+02
  -4.5000000e+02  -1.0010000e+03   6.6000000e+01
  -6.8700000e+02  -7.8400000e+02  -1.4700000e+02
  -7.9400000e+02  -4.9100000e+02  -1.5900000e+02
  -7.9400000e+02  -4.9100000e+02  -1.5900000e+02
  -9.4700000e+02  -4.1000000e+02  -1.2100000e+02
  -9.4500000e+02  -3.8200000e+02  -1.8000000e+02
  -9.2200000e+02  -4.0400000e+02  -2.3400000e+02
  -7.8700000e+02  -4.0700000e+02  -2.2800000e+02
  -6.0600000e+02  -9.0900000e+02  -2.8300000e+02
  -4.0200000e+02  -9.2800000e+02   2.5000000e+01
  -3.0600000e+02  -1.0210000e+03   2.9400000e+02
  -3.3200000e+02  -8.9100000e+02   2.9900000e+02
  -3.0200000e+02  -9.0500000e+02   4.5300000e+02
  -3.2400000e+02  -9.9000000e+02   2.8600000e+02
  -4.9300000e+02  -9.5200000e+02  -2.4300000e+02
  -6.7500000e+02  -6.7800000e+02  -2.7500000e+02
  -8.5600000e+02  -4.8000000e+02  -1.6300000e+02
  -9.4100000e+02  -4.4200000e+02  -1.3400000e+02
  -9.3200000e+02  -3.4100000e+02  -1.2000000e+02
