  -2.5700000e+02  -9.8900000e+02   4.1200000e+02
  -3.1500000e+02  -9.2000000e+02   5.7600000e+02
  -3.4100000e+02  -1.0130000e+03   2.9500000e+02
  -5.2300000e+02  -8.8400000e+02   2.7000000e+01
  -7.1200000e+02  -6.6600000e+02   7.7000000e+01
  -8.3000000e+02  -5.2000000e+02   1.7200000e+02
  -8.4700000e+02  -5.5100000e+02   9.7000000e+01
  -6.1800000e+02  -3.8500000e+02   1.3300000e+02
  -5.1000000e+02  -9.9300000e+02   2.6100000e+02
  -2.8400000e+02  -1.0250000e+03   3.4900000e+02
  -2.3600000e+02  -1.0020000e+03   3.5000000e+02
  -2.1600000e+02  -9.5600000e+02   3.4400000e+02
  -2.1600000e+02  -9.5600000e+02   3.4400000e+02
  -5.5500000e+02  -8.6100000e+02   1.1900000e+02
  -7.7400000e+02  -5.6700000e+02   6.4000000e+01
  -9.0900000e+02  -4.3000000e+02   1.6100000e+02
  -9.2300000e+02  -4.2000000e+02   1.2800000e+02
  -8.1400000e+02  -4.6800000e+02   3.2000000e+01
  -6.1100000e+02  -7.5600000e+02   6.6000000e+01
  -3.6100000e+02  -9.9400000e+02   4.0700000e+02
  -2.2800000e+02  -9.1200000e+02   5.0200000e+02
  -2.5400000e+02  -8.3800000e+02   5.5700000e+02
  -2.4200000e+02  -8.3500000e+02   5.4000000e+02
  -2.0400000e+02  -8.1800000e+02   5.9900000e+02
  -2.1800000e+02  -9.1400000e+02   4.9300000e+02
  -2.7600000e+02  -1.0750000e+03   2.6700000e+02
  -4.4700000e+02  -9.7700000e+02  -5.0000000e+00
  -6.6100000e+02  -7.6000000e+02   1.8000000e+01
  -8.1800000e+02  -6.2500000e+02   8.0000000e+01
  -8.5700000e+02  -7.5900000e+02   1.6700000e+02
  -8.5800000e+02  -5.3700000e+02   1.3400000e+02
  -7.5200000e+02  -4.3600000e+02   2.0400000e+02
  -5.5100000e+02  -7.5700000e+02   4.9400000e+02
  -3.2300000e+02  -9.2400000e+02   5.3800000e+02
  -1.6600000e+02  -9.3600000e+02   4.7800000e+02
  -1.7700000e+02  -9.1000000e+02   4.4900000e+02
  -1.6400000e+02  -9.1200000e+02   4.9200000e+02
  -1.9000000e+02  -9.5200000e+02   4.7100000e+02
  -4.1000000e+02  -1.0540000e+03   1.9800000e+02
  -6.4200000e+02  -6.7500000e+02   8.8000000e+01
  -8.4700000e+02  -5.2100000e+02   9.2000000e+01
  -9.3200000e+02  -4.0000000e+02   1.1500000e+02
  -9.2200000e+02  -4.5200000e+02   8.4000000e+01
  -9.0100000e+02  -4.8100000e+02   7.0000000e+00
  -7.0300000e+02  -6.3400000e+02  -1.3700000e+02
  -7.0300000e+02  -6.3400000e+02  -1.3700000e+02
  -2.2300000e+02  -9.8700000e+02   3.8300000e+02
  -2.1400000e+02  -9.3200000e+02   4.5800000e+02
  -1.9300000e+02  -8.8100000e+02   4.7700000e+02
  -2.0300000e+02  -9.2300000e+02   4.8400000e+02
  -2.5600000e+02  -1.0820000e+03   2.9900000e+02
  -5.1100000e+02  -9.4600000e+02  -1.8400000e+02
  -7.4900000e+02  -5.3300000e+02  -8.0000000e+01
  -9.2100000e+02  -4.0600000e+02  -6.0000000e+00
  -9.4200000e+02  -3.6300000e+02   3.9000000e+01
  -9.2300000e+02  -3.9800000e+02  -4.9000000e+01
  -7.1300000e+02  -5.3800000e+02  -9.9000000e+01
  -4.7300000e+02  -1.0810000e+03  -1.5200000e+02
  -2.8800000e+02  -9.8500000e+02   1.0000000e+01
  -2.1200000e+02  -1.0180000e+03   1.7800000e+02
  -2.5300000e+02  -9.6700000e+02   2.6800000e+02
  -2.2400000e+02  -1.0080000e+03   1.6600000e+02
  -2.2400000e+02  -1.0080000e+03   1.6600000e+02
  -6.0500000e+02  -7.4600000e+02  -1.7900000e+02
  -8.0600000e+02  -5.3500000e+02  -3.8000000e+01
  -9.4200000e+02  -4.3100000e+02   3.0000000e+01
  -9.1400000e+02  -4.3700000e+02  -1.6000000e+01
  -8.8400000e+02  -4.2500000e+02  -8.0000000e+00
  -7.0400000e+02  -7.5800000e+02   1.4000000e+01
  -4.3900000e+02  -1.0110000e+03   6.9000000e+01
  -2.8200000e+02  -9.6300000e+02   2.7900000e+02
  -2.2600000e+02  -9.9300000e+02   3.6100000e+02
  -2.2700000e+02  -9.2200000e+02   4.2900000e+02
  -2.4700000e+02  -8.0500000e+02   5.9500000e+02
  -2.0100000e+02  -8.4200000e+02   5.7200000e+02
  -2.3100000e+02  -1.0510000e+03   3.4200000e+02
  -4.9600000e+02  -8.6100000e+02  -7.8000000e+01
  -7.3400000e+02  -6.6200000e+02  -1.6200000e+02
  -8.9000000e+02  -4.3800000e+02  -6.7000000e+01
  -9.6000000e+02  -4.5900000e+02  -5.0000000e+01
  -9.1100000e+02  -5.0800000e+02  -1.1800000e+02
  -6.2400000e+02  -6.2100000e+02  -2.2000000e+01
  -6.2400000e+02  -6.2100000e+02  -2.2000000e+01
  -2.7200000e+02  -1.0470000e+03   2.4100000e+02
  -2.1800000e+02  -9.4300000e+02   4.6900000e+02
  -2.2500000e+02  -8.6900000e+02   4.7000000e+02
  -1.7900000e+02  -9.2200000e+02   5.1300000e+02
  -1.7900000e+02  -9.2200000e+02   5.1300000e+02
  -5.9000000e+02  -8.4000000e+02  -2.3700000e+02
  -8.3900000e+02  -4.8500000e+02  -1.0700000e+02
  -9.2800000e+02  -3.8700000e+02  -2.7000000e+01
  -9.1600000e+02  -4.6200000e+02  -1.3400000e+02
  -8.4000000e+02  -4.5100000e+02  -1.0300000e+02
  -6.3900000e+02  -9.5200000e+02   1.4600000e+02
  -6.3900000e+02  -9.5200000e+02   1.4600000e+02
  -2.1300000e+02  -9.0000000e+02   3.2700000e+02
