  -1.0140000e+03   2.5800000e+02   2.1000000e+02
  -8.6700000e+02   3.0900000e+02  -2.2000000e+01
  -9.2600000e+02   3.1500000e+02   7.7000000e+01
  -9.7600000e+02   2.7400000e+02   1.3000000e+02
  -9.9700000e+02   7.4000000e+01   9.0000000e+00
  -9.5600000e+02   1.3800000e+02   9.3000000e+01
  -9.8800000e+02   2.5800000e+02   2.1400000e+02
  -1.0250000e+03   9.4000000e+01   3.2400000e+02
  -9.7500000e+02   9.3000000e+01   3.7300000e+02
  -9.8300000e+02  -4.1000000e+01   2.0800000e+02
  -9.8300000e+02   3.2000000e+02   1.0000000e+02
  -9.6600000e+02   3.1300000e+02   7.1000000e+01
  -9.8500000e+02   2.6700000e+02   1.8000000e+02
  -9.3100000e+02   2.5600000e+02   2.1000000e+02
  -9.7100000e+02   2.0900000e+02   2.1100000e+02
  -9.8600000e+02   1.4800000e+02   2.0700000e+02
  -9.7500000e+02   1.6400000e+02   1.9300000e+02
  -1.0190000e+03   1.9500000e+02   2.1300000e+02
  -9.8800000e+02   2.4500000e+02   1.5300000e+02
  -8.8400000e+02   3.8900000e+02   2.6000000e+01
  -8.9600000e+02   4.1200000e+02   6.0000000e+01
  -9.5400000e+02   3.1700000e+02   3.0000000e+00
  -9.4100000e+02   2.8800000e+02   1.2700000e+02
  -9.2600000e+02   2.7900000e+02   7.4000000e+01
  -9.3500000e+02   2.9100000e+02   1.8100000e+02
  -9.8100000e+02   2.1400000e+02   1.0000000e+02
  -9.7800000e+02   2.4800000e+02   1.7700000e+02
  -9.7400000e+02   2.6400000e+02   2.0700000e+02
  -9.6700000e+02   2.2000000e+02   1.8900000e+02
  -9.8700000e+02   1.9700000e+02   2.0900000e+02
  -1.0020000e+03   1.4600000e+02   2.3600000e+02
  -9.8900000e+02   1.3800000e+02   2.5800000e+02
  -9.7200000e+02   2.2200000e+02   6.9000000e+01
  -9.7600000e+02   3.1700000e+02   6.7000000e+01
  -9.5600000e+02   3.4300000e+02   1.2000000e+02
  -9.5900000e+02   3.3500000e+02   1.0700000e+02
  -9.6100000e+02   2.9000000e+02   8.4000000e+01
  -9.6400000e+02   2.6900000e+02   1.0600000e+02
  -9.7100000e+02   2.6500000e+02   1.1700000e+02
  -9.8900000e+02   2.6000000e+02   1.2200000e+02
  -9.7800000e+02   2.4400000e+02   8.9000000e+01
  -9.9100000e+02   2.4200000e+02   1.1900000e+02
  -9.8200000e+02   2.3800000e+02   1.5000000e+02
  -9.8100000e+02   2.4400000e+02   1.5500000e+02
  -1.0000000e+03   2.3300000e+02   1.7100000e+02
  -9.7000000e+02   2.1000000e+02   9.7000000e+01
  -9.7800000e+02   2.3700000e+02   5.8000000e+01
  -9.6100000e+02   1.8400000e+02   1.1400000e+02
  -1.0150000e+03   8.6000000e+01   1.8200000e+02
  -1.0070000e+03   2.5000000e+01   1.9900000e+02
  -1.0160000e+03  -4.0000000e+00   1.8300000e+02
  -1.0060000e+03   4.1000000e+01   1.4900000e+02
  -9.8900000e+02  -2.0000000e+00   1.3600000e+02
  -8.9700000e+02  -1.8000000e+01   9.5000000e+01
  -9.9200000e+02   1.2300000e+02   3.2200000e+02
  -9.9000000e+02  -5.2000000e+01   2.3100000e+02
  -1.0210000e+03  -3.9000000e+01   2.6400000e+02
  -9.6600000e+02   1.8000000e+01   2.2900000e+02
  -9.7400000e+02   8.7000000e+01   2.0400000e+02
  -9.8500000e+02   1.9300000e+02   2.2800000e+02
  -1.0000000e+03   3.2700000e+02   2.1700000e+02
  -9.5500000e+02   3.4300000e+02   9.9000000e+01
  -9.3300000e+02   2.5200000e+02  -5.0000000e+00
  -9.7200000e+02   2.7600000e+02   1.5600000e+02
  -9.9200000e+02   1.7300000e+02   2.0500000e+02
  -9.7300000e+02   1.5400000e+02   2.8700000e+02
  -9.7300000e+02   1.8100000e+02   3.2300000e+02
  -9.5400000e+02   1.7300000e+02   2.9700000e+02
  -9.6800000e+02   1.5700000e+02   2.7500000e+02
  -9.7200000e+02   2.2600000e+02   3.0000000e+02
  -9.3400000e+02   1.7700000e+02   2.2900000e+02
  -9.8400000e+02   1.9100000e+02   1.9900000e+02
  -9.6000000e+02   1.4200000e+02   1.5100000e+02
  -9.9700000e+02   1.2600000e+02   2.5000000e+02
  -9.7200000e+02   1.2500000e+02   2.4600000e+02
  -9.8700000e+02   1.5900000e+02   2.2400000e+02
  -1.0040000e+03   1.1700000e+02   2.1700000e+02
  -9.9800000e+02   1.4200000e+02   2.0000000e+02
  -1.0150000e+03   1.0400000e+02   1.5800000e+02
  -1.0000000e+03   7.9000000e+01   1.3600000e+02
  -1.0040000e+03   1.3600000e+02   1.4200000e+02
  -9.7900000e+02   1.4800000e+02   1.5300000e+02
  -1.0070000e+03   1.6700000e+02   1.6800000e+02
  -9.8900000e+02   1.3300000e+02   1.4600000e+02
  -1.0040000e+03   1.2700000e+02   1.5800000e+02
  -9.8900000e+02   1.5300000e+02   1.6900000e+02
  -1.0000000e+03   1.7300000e+02   1.8400000e+02
  -1.0380000e+03   2.7300000e+02   2.4100000e+02
  -9.5300000e+02   2.3400000e+02   1.5900000e+02
  -9.4300000e+02   2.8800000e+02   1.8700000e+02
  -9.5100000e+02   2.7900000e+02   2.2900000e+02
  -9.5400000e+02   2.8800000e+02   1.9800000e+02
  -1.0270000e+03   2.2300000e+02   1.6500000e+02
  -9.8400000e+02   2.0800000e+02   1.7600000e+02
  -9.8500000e+02   1.9400000e+02   1.8200000e+02
  -9.7600000e+02   2.1300000e+02   1.6600000e+02
