  -9.6700000e+02   2.7800000e+02   2.6500000e+02
  -9.7000000e+02   1.9100000e+02   2.6600000e+02
  -9.6900000e+02   2.1400000e+02   2.5000000e+02
  -9.6700000e+02   2.8000000e+02   2.2200000e+02
  -9.4500000e+02   2.9200000e+02   2.3700000e+02
  -9.3700000e+02   2.7500000e+02   1.7200000e+02
  -9.4800000e+02   2.9100000e+02   1.2800000e+02
  -9.7000000e+02   3.2000000e+02   1.5200000e+02
  -9.2900000e+02   2.9800000e+02   1.4100000e+02
  -9.2900000e+02   2.9300000e+02   1.2300000e+02
  -9.1500000e+02   2.7000000e+02   1.3400000e+02
  -9.7200000e+02   2.7700000e+02   1.5400000e+02
  -9.4700000e+02   3.3800000e+02   1.4700000e+02
  -9.2500000e+02   2.6000000e+02   1.5700000e+02
  -9.5800000e+02   2.5100000e+02   1.6900000e+02
  -9.8100000e+02   2.5600000e+02   2.3100000e+02
  -1.0010000e+03   2.0200000e+02   2.1100000e+02
  -1.0460000e+03   2.7400000e+02   2.1900000e+02
  -9.7300000e+02   3.3200000e+02   9.3000000e+01
  -8.4800000e+02   2.8200000e+02   1.1700000e+02
  -9.4000000e+02   2.9000000e+02   1.0700000e+02
  -9.9800000e+02   2.8700000e+02   1.9100000e+02
  -9.8200000e+02   2.4900000e+02   1.7700000e+02
  -9.8100000e+02   2.2500000e+02   2.4800000e+02
  -9.4200000e+02   2.3400000e+02   2.2600000e+02
  -9.7000000e+02   2.2100000e+02   2.1000000e+02
  -1.0090000e+03   2.5300000e+02   2.5400000e+02
  -1.0140000e+03   2.6100000e+02   1.5300000e+02
  -9.7300000e+02   3.1900000e+02   1.1300000e+02
  -9.8700000e+02   2.7100000e+02   2.1700000e+02
  -9.8500000e+02   2.0700000e+02   2.0700000e+02
  -9.6100000e+02   1.8800000e+02   2.5300000e+02
  -9.7400000e+02   1.8200000e+02   2.5100000e+02
  -9.8700000e+02   1.9000000e+02   2.3800000e+02
  -9.5100000e+02   2.1600000e+02   2.4500000e+02
  -9.7800000e+02   1.9900000e+02   1.7300000e+02
  -9.5400000e+02   2.9600000e+02   1.4100000e+02
  -9.6700000e+02   2.9500000e+02   8.9000000e+01
  -9.6300000e+02   3.0000000e+02   6.9000000e+01
  -9.5800000e+02   3.1200000e+02   7.8000000e+01
  -9.7000000e+02   3.4400000e+02   5.5000000e+01
  -9.6900000e+02   3.4400000e+02   8.1000000e+01
  -9.4900000e+02   3.3400000e+02   9.7000000e+01
  -9.4800000e+02   3.3000000e+02   9.9000000e+01
  -9.7400000e+02   2.9900000e+02   1.0200000e+02
  -9.6200000e+02   3.2400000e+02   9.6000000e+01
  -9.5600000e+02   3.2100000e+02   9.6000000e+01
  -9.6300000e+02   3.1000000e+02   8.7000000e+01
  -9.6900000e+02   3.0800000e+02   8.0000000e+01
  -9.3900000e+02   3.0100000e+02   1.2300000e+02
  -9.9600000e+02   2.6800000e+02   1.2700000e+02
  -9.6100000e+02   2.7500000e+02   1.2300000e+02
  -9.7000000e+02   2.3400000e+02   1.5600000e+02
  -9.5900000e+02   2.4800000e+02   1.3900000e+02
  -9.7300000e+02   2.5700000e+02   1.4600000e+02
  -9.6300000e+02   2.3700000e+02   1.7100000e+02
  -1.0260000e+03   2.8600000e+02   1.6300000e+02
  -9.7700000e+02   2.4300000e+02   1.3600000e+02
  -9.8000000e+02   2.3900000e+02   1.2500000e+02
  -9.7200000e+02   2.4800000e+02   1.4200000e+02
  -9.7300000e+02   2.2900000e+02   1.4300000e+02
  -9.7100000e+02   2.3700000e+02   1.4200000e+02
  -9.7100000e+02   2.4900000e+02   1.4700000e+02
  -9.6400000e+02   2.4000000e+02   1.4600000e+02
  -9.7600000e+02   2.2800000e+02   1.5700000e+02
  -9.7600000e+02   2.4900000e+02   1.5000000e+02
  -9.7900000e+02   2.5900000e+02   1.7300000e+02
  -9.7300000e+02   2.3800000e+02   1.6000000e+02
  -9.7200000e+02   2.4800000e+02   1.5900000e+02
  -9.7400000e+02   2.3200000e+02   1.6000000e+02
  -9.6900000e+02   2.2600000e+02   1.6100000e+02
  -9.7400000e+02   2.2900000e+02   1.6300000e+02
  -9.4200000e+02   2.3300000e+02   1.4600000e+02
  -9.7200000e+02   2.8400000e+02   1.5800000e+02
  -9.6000000e+02   3.1000000e+02   1.5100000e+02
  -9.5300000e+02   3.0600000e+02   1.5000000e+02
  -9.5900000e+02   2.9800000e+02   1.4300000e+02
  -9.4400000e+02   2.9000000e+02   1.5100000e+02
  -9.7100000e+02   2.8100000e+02   1.2500000e+02
  -9.4700000e+02   2.7000000e+02   1.8400000e+02
  -9.5600000e+02   2.7700000e+02   1.6500000e+02
  -9.7000000e+02   2.9100000e+02   1.8400000e+02
  -9.7700000e+02   2.7900000e+02   1.8100000e+02
  -9.8400000e+02   2.3500000e+02   1.9500000e+02
  -9.6000000e+02   2.4500000e+02   1.8300000e+02
  -9.6000000e+02   2.1300000e+02   2.0400000e+02
  -9.6400000e+02   2.2500000e+02   2.1000000e+02
  -9.6500000e+02   2.1300000e+02   2.1000000e+02
  -9.7800000e+02   1.9700000e+02   2.3100000e+02
  -9.9300000e+02   1.8800000e+02   2.3200000e+02
  -9.7000000e+02   2.1800000e+02   2.0100000e+02
  -9.8700000e+02   2.1600000e+02   2.2100000e+02
  -9.7100000e+02   2.0900000e+02   2.1000000e+02
  -9.8000000e+02   1.8800000e+02   2.2700000e+02
  -9.9500000e+02   2.2800000e+02   2.5800000e+02
  -9.8500000e+02   2.0900000e+02   2.3700000e+02
