  -8.5900000e+02   5.4400000e+02  -6.2000000e+01
  -8.6000000e+02   5.9000000e+02  -5.7000000e+01
  -8.9700000e+02   4.7500000e+02  -1.8000000e+01
  -9.6800000e+02   4.5900000e+02   4.3000000e+01
  -9.4200000e+02   3.1600000e+02   2.1000000e+01
  -9.2100000e+02   3.8700000e+02   9.0000000e+00
  -8.3500000e+02   5.4300000e+02  -7.0000000e+00
  -7.8300000e+02   5.7500000e+02  -8.7000000e+01
  -7.3300000e+02   6.9600000e+02  -7.8000000e+01
  -8.6500000e+02   6.2900000e+02  -6.8000000e+01
  -8.8100000e+02   4.0700000e+02  -1.1000000e+01
  -9.8000000e+02   4.1700000e+02   8.3000000e+01
  -9.9700000e+02   3.4200000e+02   7.6000000e+01
  -9.7200000e+02   2.8900000e+02   1.8000000e+01
  -9.6900000e+02   3.2000000e+02   4.0000000e+01
  -8.6200000e+02   4.1800000e+02  -2.7000000e+01
  -8.4500000e+02   5.4700000e+02  -4.7000000e+01
  -8.5000000e+02   5.7100000e+02  -2.6000000e+01
  -8.5900000e+02   5.5200000e+02  -2.2000000e+01
  -8.2600000e+02   5.3500000e+02  -1.0000000e+01
  -8.4000000e+02   4.9700000e+02  -2.7000000e+01
  -8.8500000e+02   5.2300000e+02   3.4000000e+01
  -8.8600000e+02   5.4800000e+02   4.6000000e+01
  -8.7800000e+02   5.9800000e+02   4.5000000e+01
  -8.3800000e+02   4.7100000e+02   6.5000000e+01
  -8.6300000e+02   5.0600000e+02   9.3000000e+01
  -8.5300000e+02   5.2000000e+02   9.0000000e+01
  -8.7200000e+02   4.8800000e+02   7.2000000e+01
  -8.7600000e+02   5.0200000e+02   8.7000000e+01
  -8.3800000e+02   5.3500000e+02   3.2000000e+01
  -8.6300000e+02   4.9900000e+02   5.1000000e+01
  -8.7800000e+02   5.0100000e+02   6.5000000e+01
  -8.8600000e+02   4.7300000e+02   5.7000000e+01
  -8.7800000e+02   4.9700000e+02   4.8000000e+01
  -8.6900000e+02   4.9900000e+02   3.7000000e+01
  -8.8300000e+02   4.8900000e+02   5.8000000e+01
  -8.7400000e+02   4.9400000e+02   5.8000000e+01
  -8.3500000e+02   5.2300000e+02   2.9000000e+01
  -8.2400000e+02   5.4600000e+02   2.8000000e+01
  -8.3800000e+02   5.2900000e+02   5.5000000e+01
  -8.4700000e+02   5.3900000e+02   5.3000000e+01
  -8.4900000e+02   5.3100000e+02   5.4000000e+01
  -8.4800000e+02   5.2200000e+02   5.5000000e+01
  -8.5800000e+02   5.1200000e+02   5.1000000e+01
  -8.6100000e+02   5.1100000e+02   5.5000000e+01
  -8.6700000e+02   5.1000000e+02   5.2000000e+01
  -8.6400000e+02   5.1500000e+02   4.8000000e+01
  -8.6500000e+02   5.4400000e+02   2.3000000e+01
  -8.3800000e+02   5.6000000e+02  -9.0000000e+00
  -8.4200000e+02   5.7200000e+02  -1.1200000e+02
  -8.2600000e+02   5.3800000e+02  -1.4100000e+02
  -8.3300000e+02   5.5800000e+02  -1.0800000e+02
  -8.3800000e+02   5.0400000e+02  -6.6000000e+01
  -8.5600000e+02   5.6100000e+02  -9.7000000e+01
  -8.1700000e+02   4.6900000e+02  -8.1000000e+01
  -8.4100000e+02   4.9100000e+02  -8.7000000e+01
  -8.7100000e+02   5.3000000e+02  -8.8000000e+01
  -8.4700000e+02   4.9900000e+02  -1.0100000e+02
  -8.4600000e+02   4.9200000e+02  -1.0900000e+02
  -8.6000000e+02   4.6600000e+02  -7.4000000e+01
  -8.7400000e+02   5.0400000e+02  -8.6000000e+01
  -8.5400000e+02   4.7600000e+02  -9.0000000e+01
  -8.6100000e+02   4.9300000e+02  -8.3000000e+01
  -8.6500000e+02   5.0000000e+02  -8.5000000e+01
  -8.5500000e+02   4.9600000e+02  -9.6000000e+01
  -8.6800000e+02   4.9000000e+02  -9.2000000e+01
  -8.6900000e+02   4.8600000e+02  -8.6000000e+01
  -8.7100000e+02   4.6800000e+02  -5.5000000e+01
  -8.8900000e+02   4.6800000e+02  -4.2000000e+01
  -8.9000000e+02   4.6200000e+02  -5.5000000e+01
  -8.8800000e+02   4.6600000e+02  -5.4000000e+01
  -8.8900000e+02   4.6100000e+02  -5.5000000e+01
  -8.9000000e+02   4.6900000e+02  -4.8000000e+01
  -8.8100000e+02   4.6800000e+02  -5.0000000e+01
  -8.8100000e+02   4.6400000e+02  -4.5000000e+01
  -8.8300000e+02   4.6000000e+02  -4.1000000e+01
  -8.8400000e+02   4.8900000e+02  -4.2000000e+01
  -8.8600000e+02   4.6700000e+02  -3.9000000e+01
  -8.9000000e+02   4.5200000e+02  -3.5000000e+01
  -8.9500000e+02   4.6300000e+02  -3.0000000e+01
  -8.9800000e+02   4.5800000e+02  -3.2000000e+01
  -9.0300000e+02   4.4200000e+02  -4.0000000e+01
  -9.0400000e+02   4.4500000e+02  -2.5000000e+01
  -8.9700000e+02   4.6600000e+02  -2.6000000e+01
  -9.0000000e+02   4.5700000e+02  -1.8000000e+01
  -9.0900000e+02   4.7100000e+02  -1.8000000e+01
  -8.8700000e+02   4.5400000e+02  -2.0000000e+01
  -8.9100000e+02   4.1200000e+02  -2.7000000e+01
  -9.0200000e+02   4.8200000e+02   0.0000000e+00
  -9.1400000e+02   4.1800000e+02  -5.0000000e+00
  -9.8800000e+02   4.4600000e+02  -2.4000000e+01
  -9.0400000e+02   4.8200000e+02   3.0000000e+01
  -1.0110000e+03   3.9900000e+02  -4.1000000e+01
  -9.7100000e+02   3.5000000e+02   2.9000000e+01
  -8.7800000e+02   4.0700000e+02   4.0000000e+00
  -9.4400000e+02   3.1200000e+02   3.4000000e+01
