  -8.8100000e+02   3.9700000e+02  -1.1100000e+02
  -8.6800000e+02   3.7100000e+02  -4.6000000e+01
  -9.8600000e+02   3.0100000e+02   7.8000000e+01
  -9.7000000e+02   1.6800000e+02   3.4600000e+02
  -8.7900000e+02   1.6500000e+02   3.0200000e+02
  -8.4000000e+02   2.7300000e+02   3.8100000e+02
  -8.5200000e+02   3.4900000e+02   4.2600000e+02
  -8.7900000e+02   4.8600000e+02   2.2700000e+02
  -8.4800000e+02   4.4400000e+02   2.3500000e+02
  -8.3700000e+02   4.3900000e+02   2.8800000e+02
  -8.9300000e+02   4.1900000e+02   3.0100000e+02
  -8.9200000e+02   4.2300000e+02   2.6700000e+02
  -8.6300000e+02   4.2200000e+02   2.7700000e+02
  -8.6800000e+02   4.0900000e+02   3.0500000e+02
  -8.8000000e+02   4.0200000e+02   2.9500000e+02
  -8.9700000e+02   3.8700000e+02   3.0700000e+02
  -8.9400000e+02   3.5100000e+02   2.9800000e+02
  -9.2700000e+02   3.4000000e+02   3.0700000e+02
  -9.1500000e+02   3.1700000e+02   3.3800000e+02
  -9.3800000e+02   2.7600000e+02   3.1500000e+02
  -9.3800000e+02   2.6900000e+02   2.9100000e+02
  -9.4400000e+02   2.3100000e+02   2.6700000e+02
  -9.5300000e+02   2.4400000e+02   2.8800000e+02
  -9.5400000e+02   2.3100000e+02   2.8300000e+02
  -9.4800000e+02   2.4100000e+02   2.8400000e+02
  -9.4600000e+02   2.2000000e+02   2.8000000e+02
  -9.4500000e+02   2.0800000e+02   2.9500000e+02
  -9.5600000e+02   1.9700000e+02   3.0200000e+02
  -9.6900000e+02   1.8800000e+02   3.0300000e+02
  -9.6800000e+02   1.7000000e+02   2.9900000e+02
  -9.6800000e+02   1.5200000e+02   2.8800000e+02
  -9.7000000e+02   1.6200000e+02   2.8500000e+02
  -9.7400000e+02   1.6500000e+02   2.7900000e+02
  -9.6500000e+02   1.7400000e+02   2.8300000e+02
  -9.7000000e+02   1.6600000e+02   2.7500000e+02
  -9.6500000e+02   1.8400000e+02   2.8500000e+02
  -9.7800000e+02   1.8900000e+02   2.8800000e+02
  -9.6600000e+02   1.7700000e+02   2.6700000e+02
  -9.8400000e+02   1.7000000e+02   2.7500000e+02
  -9.6800000e+02   1.8400000e+02   2.7800000e+02
  -9.6200000e+02   1.8000000e+02   2.6000000e+02
  -9.7400000e+02   1.7300000e+02   2.9400000e+02
  -9.2900000e+02   2.7200000e+02   2.9000000e+02
  -8.8500000e+02   3.2700000e+02   3.4900000e+02
  -8.7900000e+02   3.5300000e+02   3.6100000e+02
  -8.6400000e+02   3.4800000e+02   3.7400000e+02
  -8.5900000e+02   3.3900000e+02   3.8400000e+02
  -8.8500000e+02   3.4200000e+02   3.9200000e+02
  -8.9900000e+02   3.0800000e+02   3.7000000e+02
  -9.0800000e+02   3.1200000e+02   3.6400000e+02
  -9.0100000e+02   3.0300000e+02   3.6700000e+02
  -8.8800000e+02   2.9800000e+02   3.6200000e+02
  -8.9600000e+02   3.1100000e+02   3.8300000e+02
  -8.9800000e+02   2.8800000e+02   3.6600000e+02
  -8.9900000e+02   2.9000000e+02   3.7200000e+02
  -8.9500000e+02   3.0000000e+02   3.7800000e+02
  -9.0800000e+02   2.9100000e+02   3.8400000e+02
  -9.0000000e+02   2.9000000e+02   3.7400000e+02
  -9.0200000e+02   2.9200000e+02   3.8300000e+02
  -9.0100000e+02   2.8900000e+02   3.8000000e+02
  -9.0500000e+02   2.8100000e+02   3.8500000e+02
  -8.9800000e+02   2.8300000e+02   3.7200000e+02
  -9.0800000e+02   2.7300000e+02   3.8000000e+02
  -9.0100000e+02   2.6000000e+02   3.7000000e+02
  -9.1100000e+02   2.6900000e+02   3.7300000e+02
  -9.0800000e+02   2.7100000e+02   3.8300000e+02
  -9.1000000e+02   2.7100000e+02   3.8800000e+02
  -9.3200000e+02   2.5600000e+02   3.8200000e+02
  -8.8100000e+02   2.7200000e+02   3.9100000e+02
  -9.0400000e+02   2.6700000e+02   4.8900000e+02
  -9.4900000e+02   1.5900000e+02   4.0800000e+02
  -9.7900000e+02   1.2000000e+02   4.0700000e+02
  -9.2600000e+02   1.6300000e+02   4.1100000e+02
  -8.5800000e+02   2.3600000e+02   2.9500000e+02
  -9.3100000e+02   2.6300000e+02   2.5900000e+02
  -9.7300000e+02   2.4800000e+02   3.2500000e+02
  -9.3600000e+02   2.2100000e+02   2.2500000e+02
  -9.8300000e+02   1.8500000e+02   2.1900000e+02
  -9.6000000e+02   2.0000000e+02   2.6800000e+02
  -9.5100000e+02   2.3000000e+02   2.6200000e+02
  -9.5300000e+02   2.2400000e+02   2.5900000e+02
  -9.5200000e+02   2.1600000e+02   2.6000000e+02
  -9.5600000e+02   2.2400000e+02   2.4400000e+02
  -9.3400000e+02   2.2800000e+02   2.6900000e+02
  -1.0410000e+03   3.1400000e+02   3.8100000e+02
  -9.2600000e+02   3.7500000e+02   1.1000000e+02
  -8.6400000e+02   4.6700000e+02  -1.1700000e+02
  -9.3000000e+02   2.8700000e+02  -1.6600000e+02
  -1.0310000e+03   1.1700000e+02   1.5700000e+02
  -9.7900000e+02   1.1900000e+02   1.4400000e+02
  -1.0050000e+03   1.0000000e+02   1.5700000e+02
  -9.9800000e+02   1.4800000e+02   2.5300000e+02
  -1.0030000e+03   2.0200000e+02   1.7600000e+02
  -1.0230000e+03   1.4400000e+02   2.7600000e+02
  -8.3200000e+02   4.2300000e+02  -1.9000000e+02
  -9.7100000e+02   2.7600000e+02  -1.3500000e+02
