  -9.7800000e+02   5.5100000e+02  -6.7000000e+01
  -8.5400000e+02   5.0500000e+02  -6.0000000e+01
  -7.3000000e+02   6.8100000e+02   4.6000000e+01
  -8.1200000e+02   6.4400000e+02   7.8000000e+01
  -8.1600000e+02   5.9600000e+02   8.5000000e+01
  -8.5200000e+02   6.9300000e+02   1.6500000e+02
  -8.6900000e+02   5.5400000e+02   2.2600000e+02
  -8.1100000e+02   5.2800000e+02   1.1500000e+02
  -8.3300000e+02   5.4900000e+02   1.9200000e+02
  -8.4100000e+02   4.7300000e+02   1.9600000e+02
  -8.1100000e+02   5.1100000e+02   1.3200000e+02
  -8.3500000e+02   4.7300000e+02   1.9700000e+02
  -8.3900000e+02   5.5600000e+02   1.7800000e+02
  -8.7300000e+02   5.6900000e+02   1.8700000e+02
  -8.4900000e+02   4.9200000e+02   1.6700000e+02
  -8.6700000e+02   4.8200000e+02   2.1900000e+02
  -8.6500000e+02   5.0700000e+02   2.3200000e+02
  -8.2900000e+02   5.0200000e+02   2.2800000e+02
  -8.3300000e+02   4.9700000e+02   2.2900000e+02
  -8.6000000e+02   5.1100000e+02   2.1700000e+02
  -8.5400000e+02   4.9000000e+02   1.8700000e+02
  -8.6500000e+02   4.9000000e+02   1.8300000e+02
  -8.4500000e+02   5.0200000e+02   2.2400000e+02
  -8.5100000e+02   5.1900000e+02   1.7500000e+02
  -8.5000000e+02   5.1300000e+02   1.9400000e+02
  -8.4200000e+02   4.9200000e+02   1.9300000e+02
  -8.5000000e+02   5.0800000e+02   1.9100000e+02
  -8.4700000e+02   5.1400000e+02   1.9900000e+02
  -8.5200000e+02   4.9800000e+02   1.8200000e+02
  -8.6400000e+02   5.2400000e+02   1.6600000e+02
  -8.4800000e+02   4.9900000e+02   1.8000000e+02
  -8.5300000e+02   5.0400000e+02   1.9500000e+02
  -8.3400000e+02   4.9000000e+02   1.0700000e+02
  -8.7700000e+02   5.0800000e+02   1.7400000e+02
  -8.5700000e+02   5.0800000e+02   1.6000000e+02
  -8.6100000e+02   5.0300000e+02   1.6000000e+02
  -8.6700000e+02   4.9600000e+02   1.5800000e+02
  -8.7400000e+02   5.0800000e+02   1.6800000e+02
  -8.5500000e+02   4.9300000e+02   1.5700000e+02
  -8.6100000e+02   4.8900000e+02   1.5600000e+02
  -8.5500000e+02   4.9000000e+02   1.6300000e+02
  -8.6300000e+02   4.8500000e+02   1.6900000e+02
  -8.7400000e+02   4.7600000e+02   1.6700000e+02
  -8.6300000e+02   4.7700000e+02   1.6300000e+02
  -8.7600000e+02   4.8300000e+02   1.5800000e+02
  -8.7000000e+02   4.8500000e+02   1.5900000e+02
  -8.7300000e+02   4.7700000e+02   1.6800000e+02
  -8.8500000e+02   4.7600000e+02   1.6800000e+02
  -8.7900000e+02   4.6300000e+02   1.6900000e+02
  -8.8200000e+02   4.6100000e+02   1.7000000e+02
  -8.8000000e+02   4.5500000e+02   1.6500000e+02
  -8.8300000e+02   4.5300000e+02   1.7700000e+02
  -8.7700000e+02   4.5700000e+02   1.7200000e+02
  -8.7800000e+02   4.4800000e+02   1.7400000e+02
  -8.7600000e+02   4.7700000e+02   1.6300000e+02
  -8.7800000e+02   4.8900000e+02   1.5100000e+02
  -8.7800000e+02   4.2500000e+02   1.8400000e+02
  -8.8400000e+02   4.5500000e+02   1.7500000e+02
  -8.8100000e+02   4.5500000e+02   1.8100000e+02
  -8.8800000e+02   4.5000000e+02   1.7900000e+02
  -8.9200000e+02   4.5000000e+02   1.8200000e+02
  -8.9500000e+02   4.3700000e+02   1.8100000e+02
  -8.9200000e+02   4.3300000e+02   1.7300000e+02
  -8.9400000e+02   4.3400000e+02   1.7100000e+02
  -8.9600000e+02   4.3500000e+02   1.7300000e+02
  -8.9500000e+02   4.3400000e+02   1.7000000e+02
  -8.9200000e+02   4.3100000e+02   1.6800000e+02
  -8.9400000e+02   4.2700000e+02   1.7200000e+02
  -8.9900000e+02   4.2500000e+02   1.7600000e+02
  -9.1200000e+02   4.3500000e+02   1.7900000e+02
  -8.9700000e+02   4.3200000e+02   1.7600000e+02
  -8.9700000e+02   4.3000000e+02   1.7900000e+02
  -8.9800000e+02   4.3100000e+02   1.7800000e+02
  -8.9500000e+02   4.1700000e+02   1.8100000e+02
  -8.9000000e+02   3.9600000e+02   1.8300000e+02
  -9.0400000e+02   4.3000000e+02   1.7300000e+02
  -9.0400000e+02   4.0900000e+02   1.7200000e+02
  -8.9500000e+02   4.2600000e+02   1.7300000e+02
  -8.9800000e+02   4.3900000e+02   1.9100000e+02
  -8.3100000e+02   4.7800000e+02   1.4100000e+02
  -7.9700000e+02   6.4100000e+02  -1.2000000e+02
  -6.6200000e+02   6.5500000e+02  -2.7300000e+02
  -7.1500000e+02   6.1700000e+02  -2.8700000e+02
  -7.2200000e+02   5.9700000e+02  -2.5000000e+02
  -7.6500000e+02   5.7300000e+02  -2.7700000e+02
  -7.8300000e+02   5.7500000e+02  -2.3500000e+02
  -8.0400000e+02   5.3900000e+02  -1.9300000e+02
  -8.0900000e+02   5.5200000e+02  -1.5400000e+02
  -8.2500000e+02   5.4800000e+02  -1.5500000e+02
  -8.5300000e+02   5.2500000e+02  -1.2700000e+02
  -8.7100000e+02   5.1800000e+02  -4.7000000e+01
  -8.5500000e+02   5.0300000e+02  -4.8000000e+01
  -8.6000000e+02   5.0400000e+02  -5.9000000e+01
  -8.6700000e+02   5.0900000e+02  -4.7000000e+01
  -8.6800000e+02   5.0400000e+02  -5.2000000e+01
  -8.6900000e+02   5.0200000e+02  -5.0000000e+01
