  -9.3700000e+02   3.3500000e+02   1.7700000e+02
  -9.4200000e+02   3.3400000e+02   2.2600000e+02
  -9.4200000e+02   2.9200000e+02   2.5000000e+02
  -9.5300000e+02   2.7100000e+02   2.3100000e+02
  -9.5500000e+02   3.1100000e+02   2.2100000e+02
  -9.4500000e+02   3.3700000e+02   2.3900000e+02
  -9.5500000e+02   2.8600000e+02   1.7400000e+02
  -9.3200000e+02   3.8100000e+02   1.1400000e+02
  -9.2200000e+02   3.7600000e+02   1.2000000e+02
  -9.1600000e+02   3.7000000e+02   1.3000000e+02
  -9.2600000e+02   3.4600000e+02   1.4000000e+02
  -9.3500000e+02   3.7300000e+02   1.4000000e+02
  -9.3500000e+02   3.5900000e+02   1.3700000e+02
  -9.3600000e+02   3.5900000e+02   1.4200000e+02
  -9.3400000e+02   3.5900000e+02   1.4100000e+02
  -9.3400000e+02   3.5600000e+02   1.4200000e+02
  -9.3800000e+02   3.5900000e+02   1.4500000e+02
  -9.3500000e+02   3.5900000e+02   1.4000000e+02
  -9.4600000e+02   3.5600000e+02   1.4100000e+02
  -9.3700000e+02   3.6300000e+02   1.4200000e+02
  -9.3500000e+02   3.5300000e+02   1.4700000e+02
  -9.3400000e+02   3.4500000e+02   1.4600000e+02
  -9.4200000e+02   3.5300000e+02   1.4400000e+02
  -9.3900000e+02   3.5100000e+02   1.4500000e+02
  -9.4000000e+02   3.5200000e+02   1.5100000e+02
  -9.4300000e+02   3.5400000e+02   1.5900000e+02
  -9.3900000e+02   3.5600000e+02   1.5000000e+02
  -9.3600000e+02   3.4400000e+02   1.5700000e+02
  -9.4000000e+02   3.3600000e+02   1.5200000e+02
  -9.4300000e+02   3.4300000e+02   1.5600000e+02
  -9.3500000e+02   3.3700000e+02   1.4300000e+02
  -9.3200000e+02   3.5600000e+02   1.6400000e+02
  -9.4300000e+02   3.2300000e+02   1.7500000e+02
  -9.4400000e+02   3.2100000e+02   1.7700000e+02
  -9.4500000e+02   3.2100000e+02   1.8000000e+02
  -9.4500000e+02   3.2700000e+02   1.8700000e+02
  -9.4600000e+02   3.1900000e+02   1.9000000e+02
  -9.3600000e+02   3.3200000e+02   1.9100000e+02
  -9.3700000e+02   3.2400000e+02   1.9100000e+02
  -9.4100000e+02   3.3900000e+02   1.8900000e+02
  -9.3800000e+02   3.2900000e+02   1.7900000e+02
  -9.3700000e+02   3.3200000e+02   1.8100000e+02
  -9.5500000e+02   3.5100000e+02   1.8800000e+02
  -9.4300000e+02   3.3200000e+02   1.9500000e+02
  -9.4300000e+02   3.2800000e+02   1.9600000e+02
  -9.5400000e+02   3.4800000e+02   2.0300000e+02
  -9.3900000e+02   3.4000000e+02   2.1100000e+02
  -9.4700000e+02   3.3400000e+02   2.1300000e+02
  -9.4400000e+02   3.2400000e+02   2.2600000e+02
  -9.4600000e+02   2.9800000e+02   2.6600000e+02
  -9.5600000e+02   2.5400000e+02   2.0200000e+02
  -9.5200000e+02   2.8900000e+02   2.1400000e+02
  -9.6400000e+02   3.1300000e+02   2.1500000e+02
  -9.2100000e+02   3.2200000e+02   2.3600000e+02
  -8.5000000e+02   4.3900000e+02   2.1300000e+02
  -8.6800000e+02   5.1600000e+02   1.3800000e+02
  -8.6400000e+02   4.7800000e+02   1.3800000e+02
  -9.1600000e+02   3.9400000e+02   1.5100000e+02
  -9.1600000e+02   4.2000000e+02   1.8500000e+02
  -8.4400000e+02   4.2800000e+02   8.6000000e+01
  -8.6300000e+02   4.0400000e+02   5.4000000e+01
  -9.0900000e+02   3.9700000e+02   1.0500000e+02
  -9.2400000e+02   3.7600000e+02   1.6400000e+02
  -9.3300000e+02   3.6900000e+02   1.5800000e+02
  -9.1200000e+02   3.6200000e+02   1.6400000e+02
  -9.3000000e+02   3.4300000e+02   1.5400000e+02
  -9.4100000e+02   3.4300000e+02   1.7400000e+02
  -9.3600000e+02   3.3400000e+02   1.7500000e+02
  -9.4100000e+02   3.4300000e+02   1.7600000e+02
  -9.4000000e+02   3.0900000e+02   2.0800000e+02
  -9.4100000e+02   3.2400000e+02   1.8700000e+02
  -9.4000000e+02   3.3100000e+02   2.3800000e+02
  -9.2400000e+02   3.0200000e+02   2.1400000e+02
  -9.4700000e+02   3.0700000e+02   2.3200000e+02
  -9.5200000e+02   3.1000000e+02   2.3900000e+02
  -9.4800000e+02   3.2000000e+02   2.1300000e+02
  -9.2100000e+02   3.1500000e+02   2.3500000e+02
  -9.3400000e+02   3.2000000e+02   1.9700000e+02
  -9.3100000e+02   3.2200000e+02   2.3600000e+02
  -9.4200000e+02   3.0300000e+02   2.1700000e+02
  -9.3800000e+02   3.0900000e+02   2.3000000e+02
  -9.4100000e+02   3.0700000e+02   2.3100000e+02
  -9.3500000e+02   2.9400000e+02   2.2900000e+02
  -9.3900000e+02   3.1700000e+02   2.3200000e+02
  -9.4700000e+02   3.6300000e+02   2.2900000e+02
  -8.9200000e+02   3.9700000e+02   2.1000000e+02
  -8.8700000e+02   4.1900000e+02   2.0700000e+02
  -8.9700000e+02   4.3000000e+02   2.1000000e+02
  -9.0300000e+02   3.9400000e+02   2.0600000e+02
  -9.0700000e+02   3.8200000e+02   1.9900000e+02
  -9.1500000e+02   3.7800000e+02   2.0800000e+02
  -9.1600000e+02   3.7400000e+02   2.2000000e+02
  -9.1500000e+02   3.7300000e+02   2.1400000e+02
  -9.1800000e+02   3.6700000e+02   2.2300000e+02
  -9.1500000e+02   3.6400000e+02   2.2500000e+02
  -9.1700000e+02   3.7300000e+02   2.3100000e+02
