  -8.5100000e+02   5.0500000e+02   1.0000000e+02
  -8.7900000e+02   4.5900000e+02   1.4500000e+02
  -8.5400000e+02   4.3800000e+02   7.0000000e+01
  -8.5400000e+02   5.2700000e+02   1.4500000e+02
  -9.0100000e+02   5.0100000e+02   2.1800000e+02
  -8.5800000e+02   4.1000000e+02   1.3500000e+02
  -8.7700000e+02   4.7400000e+02   1.7300000e+02
  -8.5900000e+02   5.1100000e+02   8.5000000e+01
  -8.7100000e+02   2.5800000e+02   1.4400000e+02
  -8.3500000e+02   4.9200000e+02   1.1500000e+02
  -8.8900000e+02   5.3100000e+02   1.6200000e+02
  -9.0400000e+02   5.3500000e+02   1.5200000e+02
  -8.3100000e+02   5.2600000e+02   9.0000000e+01
  -8.8100000e+02   5.2600000e+02   2.6000000e+01
  -8.7000000e+02   5.5900000e+02   1.1500000e+02
  -8.5600000e+02   5.2400000e+02   1.6500000e+02
  -8.2900000e+02   5.2400000e+02   1.8400000e+02
  -8.3700000e+02   4.7800000e+02   1.5900000e+02
  -8.3300000e+02   5.0300000e+02   1.4500000e+02
  -8.4900000e+02   4.7700000e+02   1.2200000e+02
  -8.3800000e+02   5.7200000e+02   7.2000000e+01
  -7.9300000e+02   5.2600000e+02   7.3000000e+01
  -8.6400000e+02   5.0400000e+02   7.8000000e+01
  -9.0400000e+02   4.4600000e+02   1.2900000e+02
  -8.0000000e+02   5.1300000e+02   2.6000000e+01
  -8.4000000e+02   6.0200000e+02   2.0000000e+01
  -8.4000000e+02   5.4700000e+02   5.8000000e+01
  -8.4900000e+02   5.7700000e+02   3.5000000e+01
  -8.4500000e+02   5.8100000e+02   1.8000000e+01
  -8.5600000e+02   5.9300000e+02   6.1000000e+01
  -8.1800000e+02   5.5200000e+02   7.3000000e+01
  -8.5000000e+02   5.3000000e+02   1.5600000e+02
  -8.3700000e+02   5.3500000e+02   1.2000000e+02
  -8.4200000e+02   5.2700000e+02   1.1100000e+02
  -8.5200000e+02   5.2600000e+02   9.9000000e+01
  -8.4600000e+02   5.1300000e+02   1.0500000e+02
  -8.6300000e+02   4.9900000e+02   1.1700000e+02
  -8.6700000e+02   4.9500000e+02   1.1400000e+02
  -8.6400000e+02   4.9800000e+02   1.0700000e+02
  -8.6200000e+02   5.1500000e+02   1.3200000e+02
  -8.3400000e+02   5.4900000e+02   1.6000000e+02
  -7.8000000e+02   6.3100000e+02   1.8900000e+02
  -7.8900000e+02   5.9600000e+02   2.2400000e+02
  -8.0000000e+02   5.6700000e+02   2.8000000e+02
  -8.0200000e+02   5.2300000e+02   2.4600000e+02
  -8.0400000e+02   5.5500000e+02   2.0600000e+02
  -7.8300000e+02   5.3800000e+02   1.6900000e+02
  -8.2000000e+02   5.0800000e+02   1.7800000e+02
  -8.2000000e+02   5.4400000e+02   2.0100000e+02
  -8.2500000e+02   5.2900000e+02   2.0700000e+02
  -8.2200000e+02   5.3700000e+02   2.1300000e+02
  -8.2400000e+02   5.4000000e+02   2.1300000e+02
  -8.3800000e+02   5.3200000e+02   1.9400000e+02
  -8.3000000e+02   5.4200000e+02   1.7100000e+02
  -8.3100000e+02   5.4200000e+02   1.6100000e+02
  -8.2600000e+02   5.6800000e+02   1.3300000e+02
  -8.4000000e+02   5.4400000e+02   1.4500000e+02
  -8.3900000e+02   5.1400000e+02   1.3400000e+02
  -8.4000000e+02   5.4000000e+02   1.2800000e+02
  -8.2600000e+02   5.6300000e+02   1.2300000e+02
  -8.4800000e+02   5.2100000e+02   1.0100000e+02
  -8.4800000e+02   5.2300000e+02   1.1700000e+02
  -8.3700000e+02   5.3000000e+02   1.2200000e+02
  -8.4400000e+02   5.2400000e+02   1.1700000e+02
  -8.6000000e+02   5.2000000e+02   1.3700000e+02
  -8.7700000e+02   5.3200000e+02   1.3800000e+02
  -9.0400000e+02   5.2700000e+02   2.2500000e+02
  -8.0000000e+02   5.8800000e+02   1.0600000e+02
  -8.2100000e+02   6.1100000e+02   8.0000000e+01
  -7.7700000e+02   6.2700000e+02   1.2200000e+02
  -8.6000000e+02   5.6700000e+02   1.6200000e+02
  -7.7500000e+02   6.4400000e+02   8.0000000e+01
  -8.0400000e+02   6.0700000e+02   1.1600000e+02
  -7.8500000e+02   6.0700000e+02   1.1900000e+02
  -7.6700000e+02   6.3300000e+02   7.7000000e+01
  -7.5800000e+02   6.4600000e+02   6.2000000e+01
  -7.6600000e+02   6.1000000e+02   4.4000000e+01
  -7.6900000e+02   6.4400000e+02   1.1400000e+02
  -7.8400000e+02   6.2700000e+02   9.2000000e+01
  -8.0200000e+02   6.2200000e+02   1.3700000e+02
  -7.9000000e+02   6.2100000e+02   8.5000000e+01
  -8.1100000e+02   5.8200000e+02   6.4000000e+01
  -7.8600000e+02   5.7900000e+02   9.0000000e+01
  -8.1500000e+02   5.8200000e+02   8.8000000e+01
  -8.1600000e+02   5.8800000e+02   6.5000000e+01
  -8.2400000e+02   5.9800000e+02   6.8000000e+01
  -8.2200000e+02   5.8500000e+02   7.7000000e+01
  -8.3300000e+02   5.6700000e+02   7.8000000e+01
  -8.2400000e+02   5.6700000e+02   9.3000000e+01
  -8.1700000e+02   5.9100000e+02   8.0000000e+01
  -8.3700000e+02   5.7700000e+02   9.1000000e+01
  -8.3400000e+02   5.4300000e+02   6.1000000e+01
  -8.2000000e+02   5.5700000e+02   3.0000000e+01
  -7.9300000e+02   5.5600000e+02   2.6000000e+01
  -8.6600000e+02   6.1900000e+02   1.2700000e+02
  -8.8900000e+02   4.4800000e+02   1.0900000e+02
