  -9.9200000e+02   1.0400000e+02   1.3600000e+02
  -1.0070000e+03   1.3100000e+02   2.0700000e+02
  -1.0050000e+03   1.3200000e+02   1.7300000e+02
  -1.0010000e+03   1.2000000e+02   1.5900000e+02
  -1.0000000e+03   9.6000000e+01   1.6500000e+02
  -9.9300000e+02   1.1100000e+02   1.7300000e+02
  -9.9600000e+02   1.0500000e+02   1.7100000e+02
  -1.0100000e+03   1.0000000e+02   1.8400000e+02
  -1.0050000e+03   9.8000000e+01   1.8500000e+02
  -1.0000000e+03   1.0600000e+02   1.7700000e+02
  -1.0040000e+03   1.0500000e+02   1.7100000e+02
  -9.9800000e+02   1.0000000e+02   1.5500000e+02
  -1.0000000e+03   1.8900000e+02   2.1100000e+02
  -9.9900000e+02   1.4100000e+02   1.7400000e+02
  -9.8100000e+02   1.2600000e+02   2.0100000e+02
  -9.9300000e+02   1.0000000e+02   1.9300000e+02
  -1.0290000e+03   9.6000000e+01   1.9300000e+02
  -9.8300000e+02   7.9000000e+01   1.9900000e+02
  -9.9900000e+02   8.6000000e+01   1.8400000e+02
  -9.8500000e+02   1.1200000e+02   1.9200000e+02
  -9.7700000e+02   9.5000000e+01   2.0400000e+02
  -1.0030000e+03   9.6000000e+01   1.5400000e+02
  -1.0360000e+03   6.9000000e+01   1.7500000e+02
  -9.9700000e+02   9.7000000e+01   1.7300000e+02
  -1.0240000e+03   5.3000000e+01   1.8600000e+02
  -1.0020000e+03   1.4900000e+02   2.4700000e+02
  -1.0280000e+03   2.5000000e+01   1.7600000e+02
  -1.0080000e+03   7.1000000e+01   2.0300000e+02
  -9.9400000e+02   5.5000000e+01   1.7500000e+02
  -1.0180000e+03   6.0000000e+01   1.7400000e+02
  -1.0060000e+03   6.1000000e+01   1.7300000e+02
  -9.9500000e+02   5.9000000e+01   1.6100000e+02
  -1.0030000e+03   5.6000000e+01   1.6800000e+02
  -1.0010000e+03   5.7000000e+01   1.8700000e+02
  -1.0040000e+03   5.5000000e+01   1.7400000e+02
  -9.9600000e+02   6.4000000e+01   1.7600000e+02
  -1.0020000e+03   7.0000000e+01   1.7000000e+02
  -1.0070000e+03   7.4000000e+01   1.9200000e+02
  -1.0270000e+03   1.3500000e+02   2.3000000e+02
  -9.3500000e+02   2.0300000e+02   2.2000000e+02
  -9.0000000e+02   4.1200000e+02   1.7600000e+02
  -9.0200000e+02   4.0000000e+02   1.9100000e+02
  -9.2100000e+02   3.9200000e+02   1.9900000e+02
  -9.1600000e+02   3.7300000e+02   2.0600000e+02
  -9.3100000e+02   3.4200000e+02   2.1800000e+02
  -9.2800000e+02   3.4600000e+02   2.3600000e+02
  -9.2600000e+02   3.3300000e+02   2.4300000e+02
  -9.2800000e+02   3.2600000e+02   2.3400000e+02
  -9.2500000e+02   3.2200000e+02   2.1400000e+02
  -9.2800000e+02   3.2100000e+02   2.0400000e+02
  -9.3800000e+02   3.1700000e+02   2.1500000e+02
  -9.3700000e+02   3.2000000e+02   2.1000000e+02
  -9.3400000e+02   3.2300000e+02   2.2200000e+02
  -9.4300000e+02   3.0400000e+02   2.3700000e+02
  -9.4900000e+02   3.0000000e+02   2.2300000e+02
  -9.4300000e+02   2.8500000e+02   2.1500000e+02
  -9.4700000e+02   3.0300000e+02   2.1700000e+02
  -9.5700000e+02   2.8200000e+02   1.7700000e+02
  -9.5100000e+02   2.8600000e+02   1.9500000e+02
  -9.5300000e+02   2.9000000e+02   2.1300000e+02
  -9.5300000e+02   2.8400000e+02   2.1800000e+02
  -9.5000000e+02   2.8800000e+02   2.2600000e+02
  -9.5100000e+02   2.7400000e+02   2.2200000e+02
  -9.5200000e+02   2.7800000e+02   2.2400000e+02
  -9.4900000e+02   2.7500000e+02   2.1800000e+02
  -9.5100000e+02   2.8400000e+02   2.2300000e+02
  -9.1900000e+02   2.9200000e+02   2.1300000e+02
  -9.3200000e+02   2.6500000e+02   2.7900000e+02
  -9.4100000e+02   2.8800000e+02   2.4400000e+02
  -9.3700000e+02   2.9200000e+02   2.5000000e+02
  -9.3900000e+02   2.7400000e+02   2.4500000e+02
  -9.4100000e+02   3.1400000e+02   2.5200000e+02
  -9.4100000e+02   3.0000000e+02   2.5700000e+02
  -9.4000000e+02   2.9400000e+02   2.5600000e+02
  -9.5000000e+02   2.8200000e+02   2.5800000e+02
  -9.6500000e+02   2.9800000e+02   2.7300000e+02
  -9.3700000e+02   2.6400000e+02   2.4900000e+02
  -9.4400000e+02   2.7300000e+02   2.4500000e+02
  -9.4400000e+02   2.7700000e+02   2.4400000e+02
  -9.4900000e+02   2.8700000e+02   2.5400000e+02
  -9.4900000e+02   2.8100000e+02   2.4700000e+02
  -9.4900000e+02   2.6900000e+02   2.3700000e+02
  -9.4500000e+02   2.6800000e+02   2.4200000e+02
  -9.4800000e+02   2.5900000e+02   2.3800000e+02
  -9.6300000e+02   2.6400000e+02   2.4300000e+02
  -9.4700000e+02   2.6600000e+02   2.4200000e+02
  -9.4700000e+02   2.7100000e+02   2.3900000e+02
  -9.4500000e+02   2.7900000e+02   2.5300000e+02
  -9.5100000e+02   2.5900000e+02   2.4400000e+02
  -9.5100000e+02   2.5500000e+02   2.4800000e+02
  -9.5000000e+02   2.5900000e+02   2.5600000e+02
  -9.5100000e+02   2.4900000e+02   2.5000000e+02
  -9.4900000e+02   2.5500000e+02   2.4800000e+02
  -9.5300000e+02   2.4900000e+02   2.4900000e+02
  -9.5200000e+02   2.4900000e+02   2.4800000e+02
  -9.5400000e+02   2.4800000e+02   2.5300000e+02
