   8.8100000e+02  -3.9000000e+01   2.7700000e+02
   9.5700000e+02  -5.0000000e+01   4.0400000e+02
   9.8200000e+02  -2.7600000e+02   4.3300000e+02
   7.1300000e+02  -3.1800000e+02   3.8200000e+02
   8.1000000e+02  -4.4200000e+02   5.7700000e+02
   1.0190000e+03  -2.2500000e+02   2.5400000e+02
   8.6300000e+02   7.0000000e+00   2.7900000e+02
   9.2200000e+02  -1.8900000e+02   3.4300000e+02
   1.0710000e+03  -3.0400000e+02   4.7800000e+02
   8.1300000e+02  -3.1800000e+02   4.8500000e+02
   7.4300000e+02  -1.3800000e+02   7.0400000e+02
   1.0470000e+03  -1.3700000e+02   4.3800000e+02
   9.8500000e+02  -6.2000000e+01   4.0300000e+02
   9.7000000e+02  -3.0200000e+02   2.8000000e+02
   1.0680000e+03  -9.0000000e+00   4.3200000e+02
   9.1700000e+02   1.0500000e+02   3.4200000e+02
   1.0190000e+03   4.4000000e+01   4.3500000e+02
   9.4000000e+02  -4.4000000e+01   3.1000000e+02
   9.9100000e+02  -1.8200000e+02   7.2000000e+01
   9.6600000e+02  -8.2000000e+01   5.4700000e+02
   7.4600000e+02  -1.0000000e+01   5.8000000e+02
   9.4900000e+02  -8.6000000e+01   5.6300000e+02
   1.0050000e+03  -1.1700000e+02   2.5700000e+02
   9.7200000e+02  -1.1300000e+02   2.8000000e+02
   8.7200000e+02   3.9000000e+01   3.8200000e+02
   9.6500000e+02  -1.1600000e+02   4.3500000e+02
   7.4800000e+02  -1.0700000e+02   5.5600000e+02
   9.0600000e+02  -9.0000000e+00   5.7200000e+02
   9.4300000e+02  -8.3000000e+01   2.6500000e+02
   8.9900000e+02  -2.9000000e+01   2.6400000e+02
   1.0980000e+03  -1.8300000e+02   3.3000000e+02
   9.7700000e+02  -1.5400000e+02   5.4100000e+02
   6.3700000e+02  -1.1500000e+02   5.6600000e+02
   9.8800000e+02  -1.5200000e+02   5.7300000e+02
   9.9200000e+02  -1.9100000e+02   2.2100000e+02
   9.1900000e+02  -1.5500000e+02   2.6300000e+02
   1.0610000e+03  -1.2800000e+02   3.2600000e+02
   9.3000000e+02  -9.4000000e+01   4.3500000e+02
   8.4100000e+02  -9.4000000e+01   5.5000000e+02
   8.3500000e+02  -1.4000000e+02   6.0200000e+02
   1.0010000e+03  -1.2900000e+02   3.2900000e+02
   1.0550000e+03  -2.5000000e+02   1.1600000e+02
   9.9800000e+02  -2.0400000e+02   2.8600000e+02
   9.0800000e+02  -2.9700000e+02   4.7900000e+02
   7.6900000e+02  -9.3000000e+01   4.8400000e+02
   1.0050000e+03   1.0600000e+02   5.9400000e+02
   9.5400000e+02   3.0000000e+00   3.1000000e+02
   9.1000000e+02  -2.2700000e+02   1.2800000e+02
   1.0120000e+03  -9.2000000e+01   2.0000000e+02
   9.6900000e+02  -1.0600000e+02   4.0800000e+02
   7.6000000e+02  -8.9000000e+01   5.5400000e+02
   7.8800000e+02   6.6000000e+01   4.6700000e+02
   9.6400000e+02  -4.0000000e+00   3.4900000e+02
   8.7000000e+02  -4.9000000e+01   3.0500000e+02
   9.7400000e+02  -1.1500000e+02   3.3700000e+02
   9.2900000e+02  -2.1600000e+02   5.6700000e+02
   6.3700000e+02  -1.8500000e+02   5.8900000e+02
   6.3700000e+02  -1.8500000e+02   5.8900000e+02
   6.3700000e+02  -1.8500000e+02   5.8900000e+02
   8.5300000e+02  -5.9000000e+01   3.5100000e+02
   8.5300000e+02  -5.9000000e+01   3.5100000e+02
   9.3600000e+02  -1.9500000e+02   4.1000000e+02
   7.8500000e+02  -2.0000000e+02   4.2900000e+02
   7.8500000e+02  -2.0000000e+02   4.2900000e+02
   1.0550000e+03  -1.4900000e+02   1.6400000e+02
   9.0300000e+02  -6.2000000e+01   2.3300000e+02
   8.8400000e+02  -2.8800000e+02   4.1200000e+02
   7.9800000e+02  -3.0200000e+02   5.3900000e+02
   6.6100000e+02  -5.0800000e+02   6.2000000e+02
   8.6100000e+02  -2.7100000e+02   3.1300000e+02
   1.0160000e+03  -6.5000000e+01   2.0900000e+02
   9.1700000e+02  -7.8000000e+01   2.8800000e+02
   1.0830000e+03  -3.8000000e+01   1.6700000e+02
   9.0900000e+02  -5.3000000e+01   4.3200000e+02
   8.0900000e+02  -1.2300000e+02   4.9600000e+02
   9.1700000e+02  -2.9100000e+02   6.2500000e+02
   9.4800000e+02  -2.4000000e+02   3.6600000e+02
   9.1400000e+02  -2.4500000e+02   4.3000000e+02
   9.8400000e+02  -1.4500000e+02   5.5400000e+02
   1.0010000e+03  -1.2400000e+02   3.9400000e+02
   8.1600000e+02   2.0000000e+00   5.6400000e+02
   7.6700000e+02  -9.5000000e+01   5.6600000e+02
   1.0600000e+03  -1.2800000e+02   5.0900000e+02
   9.2100000e+02  -2.7000000e+01   1.8800000e+02
   8.5500000e+02   4.0000000e+01   3.0800000e+02
   1.0490000e+03  -1.1100000e+02   3.3700000e+02
   1.0230000e+03  -1.9400000e+02   4.4700000e+02
   7.7800000e+02  -1.1500000e+02   5.7500000e+02
   8.8100000e+02  -1.2000000e+01   6.6400000e+02
   9.3200000e+02   3.2000000e+01   4.0600000e+02
   9.2700000e+02  -4.0000000e+00   3.0200000e+02
   9.2800000e+02  -1.5000000e+02   2.4000000e+02
   9.2600000e+02  -1.8600000e+02   3.6800000e+02
   8.9100000e+02  -1.2800000e+02   5.0800000e+02
   7.0300000e+02  -1.6100000e+02   5.8600000e+02
   8.6300000e+02  -5.8000000e+01   5.7800000e+02
