   1.0060000e+03  -2.8000000e+02   3.0700000e+02
   9.5700000e+02  -1.0400000e+02   6.0500000e+02
   7.5400000e+02  -8.5000000e+01   5.2800000e+02
   8.9100000e+02  -1.2300000e+02   5.7400000e+02
   1.0110000e+03  -1.0600000e+02   4.2400000e+02
   8.4600000e+02  -1.4400000e+02   1.5900000e+02
   1.0200000e+03  -2.9600000e+02   4.1600000e+02
   7.5800000e+02  -9.1000000e+01   7.6100000e+02
   7.4200000e+02  -1.6300000e+02   6.1500000e+02
   7.2200000e+02  -1.2500000e+02   6.6600000e+02
   8.6400000e+02  -1.3700000e+02   5.3800000e+02
   1.0070000e+03  -1.3400000e+02   2.8700000e+02
   9.6800000e+02  -2.4000000e+01   4.0000000e+00
   9.1000000e+02   3.5000000e+01   2.1200000e+02
   1.0770000e+03   2.8000000e+01   5.2500000e+02
   6.2000000e+02   4.8000000e+01   6.7100000e+02
   7.0600000e+02  -1.7500000e+02   5.7400000e+02
   9.4300000e+02  -2.0400000e+02   5.5000000e+02
   9.0400000e+02  -2.3200000e+02   3.2000000e+02
   8.9800000e+02  -2.3300000e+02   3.0600000e+02
   9.3400000e+02  -1.0200000e+02   4.9800000e+02
   8.9100000e+02  -2.1000000e+01   6.5300000e+02
   5.8800000e+02  -1.5400000e+02   6.5100000e+02
   7.1100000e+02  -1.8900000e+02   7.4000000e+02
   1.0250000e+03  -9.3000000e+01   4.2300000e+02
   8.9900000e+02  -1.1600000e+02   3.9000000e+01
   9.8400000e+02  -4.7000000e+01   1.0500000e+02
   1.0310000e+03  -1.9600000e+02   3.3800000e+02
   8.6800000e+02  -1.9100000e+02   4.5400000e+02
   7.0900000e+02  -2.3400000e+02   5.5300000e+02
   6.3600000e+02  -2.0700000e+02   6.2400000e+02
   1.0380000e+03  -1.5100000e+02   5.1100000e+02
   9.4400000e+02   2.6000000e+01   1.4600000e+02
   9.4300000e+02  -1.9800000e+02   7.0000000e+01
   9.6300000e+02  -1.7500000e+02   2.5100000e+02
   9.6600000e+02  -2.2800000e+02   3.7700000e+02
   7.8900000e+02  -2.5000000e+02   5.9500000e+02
   7.0300000e+02  -2.0900000e+02   5.1400000e+02
   1.0580000e+03  -1.0700000e+02   5.7600000e+02
   9.3000000e+02   6.1000000e+01   1.2700000e+02
   9.1100000e+02  -1.3400000e+02   4.0000000e+00
   9.8100000e+02  -4.7000000e+01   1.7000000e+02
   1.0160000e+03  -1.8500000e+02   3.1300000e+02
   9.3700000e+02  -9.3000000e+01   5.3200000e+02
   6.6300000e+02  -1.7800000e+02   6.2800000e+02
   1.0060000e+03  -1.6500000e+02   6.5800000e+02
   9.9300000e+02  -3.2700000e+02   1.4300000e+02
   8.8800000e+02  -2.3400000e+02   1.0900000e+02
   9.2200000e+02  -9.8000000e+01   2.4400000e+02
   1.0130000e+03   3.3000000e+01   4.9400000e+02
   7.9400000e+02  -8.5000000e+01   5.7700000e+02
   8.1600000e+02  -2.1000000e+02   5.9400000e+02
   9.0200000e+02  -2.0000000e+02   5.2000000e+02
   9.5800000e+02  -7.6000000e+01   2.9100000e+02
   9.9700000e+02  -4.2000000e+01   3.4200000e+02
   9.9400000e+02  -1.2400000e+02   4.2400000e+02
   7.5300000e+02  -1.1800000e+02   6.7800000e+02
   8.3000000e+02  -1.0300000e+02   5.2600000e+02
   9.1800000e+02  -1.8100000e+02   4.3100000e+02
   9.6300000e+02  -1.0900000e+02   4.4300000e+02
   9.6600000e+02  -1.1300000e+02   1.1600000e+02
   9.8000000e+02  -2.5800000e+02   4.0700000e+02
   8.4700000e+02  -1.7200000e+02   5.2700000e+02
   7.7700000e+02  -1.0600000e+02   4.7500000e+02
   9.1800000e+02  -9.6000000e+01   4.3900000e+02
   9.8400000e+02  -1.9500000e+02   2.9800000e+02
   9.1800000e+02  -1.0500000e+02   1.6200000e+02
   9.7400000e+02  -1.4800000e+02   1.0300000e+02
   9.0900000e+02  -2.3800000e+02   5.1100000e+02
   8.7500000e+02  -1.3300000e+02   6.2200000e+02
   7.6100000e+02  -1.2000000e+02   5.9900000e+02
   9.3900000e+02  -1.9900000e+02   4.8200000e+02
   1.0530000e+03  -4.3000000e+01   3.4100000e+02
   1.0530000e+03  -4.3000000e+01   3.4100000e+02
   9.7000000e+02  -1.2300000e+02   4.7000000e+02
   8.0200000e+02  -1.5800000e+02   6.8500000e+02
   8.1500000e+02  -1.2200000e+02   5.4400000e+02
   8.9900000e+02  -1.6900000e+02   5.2500000e+02
   8.8400000e+02  -1.0000000e+02   4.8900000e+02
   9.9600000e+02  -5.2000000e+01   3.7400000e+02
   9.4700000e+02  -1.5600000e+02   4.9000000e+02
   6.8300000e+02  -1.8300000e+02   6.7700000e+02
   9.2600000e+02  -2.4300000e+02   5.6900000e+02
   8.9400000e+02  -2.1200000e+02   4.3900000e+02
   9.2100000e+02  -2.3000000e+02   3.3500000e+02
   1.0430000e+03  -1.3900000e+02   3.4000000e+02
   1.0380000e+03  -1.7800000e+02   5.3400000e+02
   4.6400000e+02  -1.8700000e+02   6.6800000e+02
   7.4200000e+02  -2.3000000e+01   6.7400000e+02
   8.9600000e+02  -9.7000000e+01   4.7600000e+02
   9.0900000e+02  -1.7000000e+01   3.3200000e+02
   9.8700000e+02  -4.8000000e+01   1.1000000e+02
   1.0190000e+03  -1.7400000e+02   3.4900000e+02
   7.9000000e+02  -1.7000000e+02   5.7200000e+02
   7.3400000e+02  -2.2600000e+02   6.4600000e+02
   1.0760000e+03  -1.4700000e+02   5.1100000e+02
