   8.7900000e+02  -2.9500000e+02   6.7200000e+02
   5.6900000e+02  -3.0600000e+02   5.7200000e+02
   9.6900000e+02  -3.8100000e+02   7.0800000e+02
   8.7800000e+02  -1.0000000e+02   3.2300000e+02
   9.2900000e+02  -1.3200000e+02   3.7400000e+02
   9.9400000e+02  -1.5600000e+02   4.2400000e+02
   9.9800000e+02  -2.8200000e+02   3.9100000e+02
   9.1000000e+02  -3.7300000e+02   5.7900000e+02
   6.0600000e+02  -3.2300000e+02   6.0800000e+02
   9.7500000e+02  -3.3100000e+02   6.8200000e+02
   8.9900000e+02  -2.5900000e+02   2.2500000e+02
   9.6600000e+02   4.0000000e+01   2.0100000e+02
   9.1200000e+02  -6.1000000e+01   1.7300000e+02
   1.0170000e+03  -1.4300000e+02   2.8800000e+02
   1.0450000e+03  -2.6100000e+02   4.8500000e+02
   7.3800000e+02  -3.0900000e+02   5.0000000e+02
   7.8300000e+02  -3.5100000e+02   6.9000000e+02
   8.3900000e+02  -2.9100000e+02   4.5400000e+02
   9.3100000e+02  -7.3000000e+01   3.2500000e+02
   9.1200000e+02  -1.3600000e+02   2.9800000e+02
   1.0300000e+03  -1.0800000e+02   3.0300000e+02
   9.6700000e+02  -7.2000000e+01   4.0000000e+02
   7.2600000e+02  -2.9000000e+02   5.2000000e+02
   7.5500000e+02  -2.9800000e+02   6.1900000e+02
   9.0400000e+02  -2.2600000e+02   4.7100000e+02
   9.7800000e+02  -1.8300000e+02   3.3100000e+02
   8.9200000e+02  -1.0700000e+02   3.6300000e+02
   1.0150000e+03  -5.7000000e+01   4.7400000e+02
   9.1000000e+02  -1.0000000e+02   5.0500000e+02
   7.1400000e+02  -2.0500000e+02   6.0900000e+02
   6.7300000e+02  -2.6500000e+02   7.3000000e+02
   9.5500000e+02  -2.0000000e+02   5.3100000e+02
   1.0040000e+03  -1.6100000e+02   2.7600000e+02
   9.2800000e+02  -5.6000000e+01   3.1500000e+02
   9.5100000e+02  -7.8000000e+01   3.1400000e+02
   1.0580000e+03  -9.2000000e+01   4.5600000e+02
   8.1200000e+02  -2.2000000e+02   5.9200000e+02
   6.5800000e+02  -2.3600000e+02   6.0300000e+02
   9.6300000e+02  -3.0500000e+02   6.6900000e+02
   8.7400000e+02  -1.4500000e+02   2.9700000e+02
   9.4300000e+02  -6.1000000e+01   2.6000000e+02
   9.1400000e+02   4.5000000e+01   2.6700000e+02
   9.8000000e+02  -7.6000000e+01   2.4200000e+02
   6.9300000e+02  -1.2100000e+02   6.3900000e+02
   7.6400000e+02  -1.3800000e+02   7.4700000e+02
   8.8200000e+02  -1.1800000e+02   4.3800000e+02
   9.8600000e+02   1.1800000e+02   2.2000000e+02
   9.5800000e+02  -1.0200000e+02   2.9700000e+02
   1.0580000e+03  -1.5500000e+02   3.0800000e+02
   1.0090000e+03  -3.2500000e+02   4.0500000e+02
   7.0300000e+02  -1.8000000e+02   5.2400000e+02
   1.0340000e+03  -1.7100000e+02   6.2100000e+02
   9.1600000e+02   2.1000000e+01   2.1200000e+02
   9.6400000e+02   5.3000000e+01   2.2000000e+01
   9.7800000e+02  -1.0000000e+02  -7.2000000e+01
   1.0060000e+03  -2.6000000e+01   6.0000000e+01
   1.0920000e+03  -2.9000000e+01   2.8900000e+02
   8.2300000e+02  -1.6600000e+02   4.9200000e+02
   9.8300000e+02  -1.3500000e+02   4.7000000e+02
   8.9100000e+02  -1.8100000e+02   3.2500000e+02
   9.4900000e+02  -6.4000000e+01   3.8000000e+02
   9.1200000e+02  -8.0000000e+01   4.9300000e+02
   8.9900000e+02  -1.1000000e+02   5.3200000e+02
   7.7300000e+02  -2.9500000e+02   5.2700000e+02
   5.6800000e+02  -2.8300000e+02   6.3300000e+02
   1.0590000e+03  -3.2700000e+02   5.3900000e+02
   9.2600000e+02  -1.5100000e+02   1.7800000e+02
   9.5300000e+02  -5.4000000e+01   2.8200000e+02
   1.0640000e+03  -2.3600000e+02   3.6000000e+02
   9.9000000e+02  -3.6600000e+02   3.8200000e+02
   6.0300000e+02  -3.2600000e+02   5.6500000e+02
   8.0200000e+02  -3.1100000e+02   7.1500000e+02
   9.1700000e+02  -1.9900000e+02   3.8200000e+02
   9.1200000e+02  -9.1000000e+01   3.0300000e+02
   9.6800000e+02  -1.3300000e+02   3.2700000e+02
   9.4100000e+02  -1.5000000e+02   3.1500000e+02
   7.9900000e+02  -2.3800000e+02   5.5200000e+02
   5.8300000e+02  -2.5600000e+02   5.3500000e+02
   1.0340000e+03  -2.0900000e+02   5.0800000e+02
   9.2100000e+02  -1.3700000e+02   1.7600000e+02
   9.7200000e+02  -4.3000000e+01   2.2200000e+02
   9.7200000e+02  -4.3000000e+01   2.2200000e+02
   1.0330000e+03  -1.0100000e+02   4.1400000e+02
   6.9600000e+02  -1.3000000e+02   5.3500000e+02
   8.3300000e+02  -1.7600000e+02   6.8600000e+02
   8.8000000e+02  -3.5700000e+02   3.8800000e+02
   9.6200000e+02  -3.0400000e+02   3.4000000e+02
   8.9900000e+02   1.5000000e+01   5.1400000e+02
   1.0480000e+03  -3.1000000e+01   5.8600000e+02
   8.6300000e+02  -1.7100000e+02   6.0300000e+02
   5.6000000e+02  -2.6500000e+02   6.6600000e+02
   1.0880000e+03  -3.1000000e+02   6.6200000e+02
   9.5000000e+02  -1.5400000e+02   3.4600000e+02
   8.8800000e+02  -4.9000000e+01   3.2900000e+02
   1.0590000e+03  -1.1700000e+02   5.0500000e+02
   8.4500000e+02  -1.3700000e+02   5.5200000e+02
