   8.6200000e+02  -3.4900000e+02   4.4400000e+02
   8.0400000e+02  -5.4000000e+02   3.6500000e+02
   8.3600000e+02  -3.0200000e+02   5.3100000e+02
   9.2400000e+02  -2.4800000e+02   4.7800000e+02
   8.6900000e+02  -3.5800000e+02   4.9500000e+02
   7.2200000e+02  -4.5500000e+02   5.7100000e+02
   5.3700000e+02  -4.4400000e+02   6.2100000e+02
   7.6800000e+02  -3.0100000e+02   5.6500000e+02
   9.8200000e+02  -1.9200000e+02   4.1300000e+02
   8.7200000e+02  -8.0000000e+01   4.5400000e+02
   9.2700000e+02  -1.3600000e+02   3.4800000e+02
   8.8900000e+02  -3.6000000e+02   4.5200000e+02
   6.5800000e+02  -1.4700000e+02   5.5600000e+02
   9.1800000e+02  -1.3900000e+02   7.3000000e+02
   9.4400000e+02  -5.5000000e+01   4.4100000e+02
   8.3000000e+02  -8.6000000e+01   4.6100000e+02
   1.0380000e+03  -2.1900000e+02   3.8300000e+02
   9.2900000e+02  -3.0000000e+02   5.4200000e+02
   7.1500000e+02  -2.1000000e+02   5.1000000e+02
   1.0530000e+03  -3.0600000e+02   5.7100000e+02
   9.0200000e+02  -7.4000000e+01   3.2600000e+02
   8.6400000e+02  -1.6600000e+02   3.6100000e+02
   8.6400000e+02  -1.6600000e+02   3.6100000e+02
   1.0710000e+03  -1.0500000e+02   3.3400000e+02
   8.4500000e+02  -3.7700000e+02   5.6900000e+02
   7.4600000e+02  -2.8700000e+02   6.4000000e+02
   8.0000000e+02  -1.1600000e+02   5.1700000e+02
   9.0600000e+02  -1.4800000e+02   4.6600000e+02
   9.0700000e+02  -6.4000000e+01   3.7800000e+02
   9.6000000e+02  -4.7000000e+01   3.7200000e+02
   9.3400000e+02  -1.1400000e+02   5.2200000e+02
   6.9200000e+02  -1.2200000e+02   5.4900000e+02
   9.3200000e+02  -1.8200000e+02   6.5800000e+02
   8.4900000e+02  -9.8000000e+01   3.1500000e+02
   9.3400000e+02  -3.5000000e+01   2.8600000e+02
   9.2700000e+02   3.2000000e+01   3.4500000e+02
   1.0780000e+03  -8.8000000e+01   3.9900000e+02
   9.3400000e+02  -1.2500000e+02   5.4900000e+02
   6.4800000e+02  -1.0800000e+02   5.6800000e+02
   9.6000000e+02  -9.6000000e+01   6.2400000e+02
   1.0710000e+03  -7.9000000e+01   5.2000000e+02
   9.3600000e+02  -6.3000000e+01   2.8100000e+02
   9.8700000e+02  -6.2000000e+01   2.9600000e+02
   1.0670000e+03  -7.5000000e+01   2.7700000e+02
   9.6800000e+02  -8.3000000e+01   4.5800000e+02
   8.2200000e+02  -1.2400000e+02   4.9300000e+02
   8.7000000e+02  -2.0600000e+02   5.5900000e+02
   9.2400000e+02  -2.9500000e+02   4.5100000e+02
   8.9600000e+02  -2.4000000e+02   3.9800000e+02
   9.1000000e+02  -6.8000000e+01   3.3000000e+02
   1.0420000e+03  -1.1100000e+02   3.8300000e+02
   9.0400000e+02  -2.3400000e+02   5.5600000e+02
   6.4500000e+02  -3.5800000e+02   5.2600000e+02
   8.8700000e+02  -3.0700000e+02   6.9600000e+02
   9.7700000e+02  -7.1000000e+01   3.7200000e+02
   9.4300000e+02  -6.5000000e+01   2.8400000e+02
   9.5200000e+02  -1.0400000e+02   2.5000000e+02
   9.2500000e+02  -2.2200000e+02   2.4400000e+02
   9.2000000e+02  -2.8800000e+02   4.7800000e+02
   5.7600000e+02  -2.1600000e+02   6.4100000e+02
   9.6900000e+02  -1.3200000e+02   6.6300000e+02
   9.7400000e+02   9.4000000e+01   4.1100000e+02
   8.7800000e+02   4.8000000e+01   1.8800000e+02
   1.0380000e+03  -1.6300000e+02   1.8000000e+02
   1.0200000e+03  -1.0800000e+02   4.5400000e+02
   7.2000000e+02  -2.1700000e+02   6.0400000e+02
   6.6800000e+02  -1.7600000e+02   6.2600000e+02
   8.9800000e+02  -3.9000000e+01   5.4400000e+02
   9.7200000e+02  -4.5000000e+01   3.6400000e+02
   9.3600000e+02  -1.6100000e+02   3.5100000e+02
   9.3600000e+02  -1.6100000e+02   3.5100000e+02
   9.5500000e+02  -2.0300000e+02   4.7500000e+02
   6.5100000e+02  -2.3000000e+02   6.0700000e+02
   8.2800000e+02  -2.8500000e+02   6.3300000e+02
   9.3000000e+02  -1.5200000e+02   3.9600000e+02
   9.6200000e+02  -1.5600000e+02   3.4600000e+02
   8.8700000e+02   2.0000000e+01   4.0000000e+02
   9.7900000e+02   2.5000000e+01   3.8200000e+02
   9.2200000e+02  -1.3800000e+02   4.6500000e+02
   8.8400000e+02  -2.0200000e+02   6.8900000e+02
   5.8500000e+02  -2.0000000e+02   5.5900000e+02
   8.9600000e+02  -2.4400000e+02   8.1500000e+02
   9.7300000e+02  -1.2400000e+02   2.7300000e+02
   9.5400000e+02  -1.1000000e+01   2.8100000e+02
   9.5200000e+02  -1.4000000e+02   3.1300000e+02
   8.9800000e+02  -3.1200000e+02   5.8600000e+02
   5.4300000e+02  -3.4200000e+02   6.2300000e+02
   7.5400000e+02  -3.3300000e+02   8.2900000e+02
   9.3000000e+02  -1.5900000e+02   4.3600000e+02
   9.1500000e+02   6.5000000e+01   4.1200000e+02
   9.8500000e+02   4.2000000e+01   3.2000000e+02
   9.6700000e+02   3.4000000e+01   3.1000000e+02
   8.5100000e+02  -2.3600000e+02   5.3900000e+02
   5.7600000e+02  -2.0900000e+02   6.4600000e+02
   8.8900000e+02  -2.0500000e+02   5.4700000e+02
   9.9400000e+02  -3.6000000e+01   4.8600000e+02
