   8.3100000e+02  -2.8700000e+02   4.5800000e+02
   9.4200000e+02  -2.6700000e+02   5.3300000e+02
   8.7900000e+02  -2.5800000e+02   4.3000000e+02
   9.7100000e+02  -7.3000000e+01   4.0000000e+02
   9.7100000e+02  -2.2500000e+02   4.3600000e+02
   7.7700000e+02  -1.4200000e+02   6.4200000e+02
   6.6000000e+02  -3.3700000e+02   5.2500000e+02
   9.4600000e+02  -2.4900000e+02   6.3300000e+02
   9.4000000e+02  -1.4900000e+02   3.5400000e+02
   8.8500000e+02  -2.3100000e+02   3.6800000e+02
   1.0710000e+03  -2.1100000e+02   3.8600000e+02
   8.4800000e+02  -1.9400000e+02   5.2200000e+02
   6.4500000e+02  -2.9800000e+02   5.8600000e+02
   7.8500000e+02  -2.5000000e+02   6.9500000e+02
   9.4300000e+02  -1.2300000e+02   3.5500000e+02
   9.5800000e+02  -1.3000000e+01   1.6400000e+02
   8.8900000e+02  -2.6000000e+01   2.1200000e+02
   1.0290000e+03  -1.4200000e+02   2.9700000e+02
   9.8500000e+02  -2.4500000e+02   4.8600000e+02
   5.7300000e+02  -2.6200000e+02   5.5800000e+02
   8.6900000e+02  -2.8400000e+02   6.6400000e+02
   1.0450000e+03  -8.6000000e+01   2.8800000e+02
   9.7600000e+02  -5.8000000e+01   1.9000000e+02
   9.8100000e+02  -1.2900000e+02   2.6200000e+02
   9.8000000e+02  -1.1100000e+02   2.8800000e+02
   9.0500000e+02  -1.0300000e+02   5.6900000e+02
   6.3800000e+02  -1.6500000e+02   5.8700000e+02
   9.3700000e+02  -1.7100000e+02   6.0400000e+02
   1.0460000e+03  -8.8000000e+01   3.5500000e+02
   8.6100000e+02  -1.7000000e+01   5.1700000e+02
   1.0270000e+03  -8.8000000e+01   4.6000000e+02
   8.5100000e+02  -1.5200000e+02   6.5300000e+02
   6.1000000e+02  -2.7400000e+02   6.6500000e+02
   6.8300000e+02  -3.2200000e+02   6.7100000e+02
   9.0300000e+02  -1.9700000e+02   5.5900000e+02
   9.7200000e+02  -2.4400000e+02   3.7200000e+02
   8.9800000e+02  -1.4700000e+02   4.4700000e+02
   8.5200000e+02  -1.8000000e+01   4.9100000e+02
   9.9000000e+02  -9.2000000e+01   5.4500000e+02
   8.3300000e+02  -3.0100000e+02   5.7900000e+02
   6.7700000e+02  -3.5400000e+02   5.6100000e+02
   1.0180000e+03  -2.3700000e+02   6.6800000e+02
   8.8800000e+02  -1.0300000e+02   2.9900000e+02
   9.5500000e+02  -8.8000000e+01   2.5900000e+02
   9.9500000e+02  -1.8600000e+02   2.7300000e+02
   8.4900000e+02  -1.1900000e+02   4.8000000e+02
   9.0400000e+02  -2.8900000e+02   5.3700000e+02
   6.0700000e+02  -2.5500000e+02   6.3500000e+02
   8.5100000e+02  -4.7200000e+02   6.6700000e+02
   9.1400000e+02  -1.3000000e+01   3.6000000e+02
   1.0110000e+03   1.1600000e+02   3.2200000e+02
   9.1100000e+02   4.0000000e+01   3.0700000e+02
   9.1100000e+02   4.0000000e+01   3.0700000e+02
   1.0290000e+03  -1.7900000e+02   4.8100000e+02
   6.5500000e+02  -2.0600000e+02   5.6900000e+02
   8.3700000e+02  -2.5400000e+02   6.9000000e+02
   9.8700000e+02  -1.4300000e+02   3.6900000e+02
   9.8600000e+02   9.9000000e+01   2.2800000e+02
   9.6100000e+02   0.0000000e+00   1.7900000e+02
   1.0800000e+03  -1.2100000e+02   2.1800000e+02
   1.0160000e+03  -1.1500000e+02   2.8400000e+02
   9.3100000e+02  -1.3900000e+02   4.2700000e+02
   8.2800000e+02  -1.3300000e+02   4.4900000e+02
   9.6800000e+02  -1.9700000e+02   5.1600000e+02
   9.2600000e+02  -2.9000000e+01   2.3000000e+02
   9.6700000e+02   8.0000000e+00   1.5300000e+02
   1.0110000e+03  -1.4700000e+02   8.1000000e+01
   9.5100000e+02  -1.8300000e+02   1.1400000e+02
   9.8500000e+02  -2.4200000e+02   3.7500000e+02
   9.4300000e+02  -1.5300000e+02   3.4900000e+02
   9.3600000e+02  -8.7000000e+01   5.3200000e+02
   1.0240000e+03   2.0000000e+00   3.7200000e+02
   9.5100000e+02   4.6000000e+01   2.1000000e+02
   9.1200000e+02   5.0000000e+00   2.0600000e+02
   9.5700000e+02  -2.0600000e+02   4.0300000e+02
   9.0900000e+02  -1.9600000e+02   4.4600000e+02
   8.5900000e+02  -2.7000000e+02   4.9400000e+02
   7.1200000e+02  -2.5000000e+02   5.9000000e+02
   1.0490000e+03  -3.7600000e+02   5.8500000e+02
   9.1800000e+02  -9.5000000e+01   2.2900000e+02
   9.6400000e+02  -6.0000000e+01   1.8900000e+02
   9.4100000e+02  -1.2000000e+02   2.4700000e+02
   9.1700000e+02  -1.1500000e+02   3.1500000e+02
   8.3400000e+02  -2.1200000e+02   4.8200000e+02
   8.0900000e+02  -1.4800000e+02   5.3100000e+02
   1.0200000e+03  -1.0100000e+02   4.3500000e+02
   9.5000000e+02  -3.4000000e+01   1.1600000e+02
   9.2700000e+02  -2.6000000e+01   2.1500000e+02
   1.0920000e+03  -1.8000000e+01   3.2700000e+02
   1.0840000e+03  -1.2400000e+02   3.5100000e+02
   8.3500000e+02  -2.1300000e+02   4.7200000e+02
   7.8200000e+02  -1.7500000e+02   5.9900000e+02
   8.6000000e+02  -2.5900000e+02   4.2700000e+02
   9.3300000e+02  -2.4000000e+02   2.6900000e+02
   9.2000000e+02  -7.1000000e+01   3.0400000e+02
   1.1000000e+03  -6.3000000e+01   2.6500000e+02
