   8.2400000e+02  -2.5500000e+02   4.5700000e+02
   9.0300000e+02  -1.7600000e+02   4.7200000e+02
   9.5200000e+02  -2.5100000e+02   3.8300000e+02
   8.9100000e+02  -2.3900000e+02   4.1300000e+02
   9.6000000e+02  -1.5300000e+02   3.5700000e+02
   8.6300000e+02  -3.3200000e+02   3.9100000e+02
   7.9900000e+02  -3.3200000e+02   5.2900000e+02
   9.6400000e+02  -3.4500000e+02   3.2100000e+02
   9.3700000e+02  -2.3100000e+02   3.5000000e+02
   8.6400000e+02  -1.2900000e+02   4.1800000e+02
   9.0600000e+02  -2.3700000e+02   3.7500000e+02
   8.6100000e+02  -2.9300000e+02   6.0000000e+02
   7.8000000e+02  -3.6700000e+02   4.7500000e+02
   9.2400000e+02  -2.9400000e+02   5.8400000e+02
   8.4600000e+02  -1.9300000e+02   1.8600000e+02
   8.8900000e+02  -1.7000000e+01   3.3700000e+02
   9.0200000e+02  -3.4000000e+01   4.1600000e+02
   9.2200000e+02  -7.2000000e+01   3.5500000e+02
   8.7800000e+02  -1.4000000e+02   4.3400000e+02
   7.8100000e+02  -1.2500000e+02   5.3000000e+02
   1.0750000e+03  -7.7000000e+01   5.2200000e+02
   8.5900000e+02   5.4000000e+01   2.3600000e+02
   8.9100000e+02  -3.9000000e+01   3.8000000e+02
   1.0890000e+03  -2.9400000e+02   5.1100000e+02
   9.4000000e+02  -2.7100000e+02   5.0800000e+02
   7.6800000e+02  -2.9600000e+02   5.3300000e+02
   7.7600000e+02  -1.8500000e+02   5.9400000e+02
   8.8700000e+02   7.3000000e+01   3.0700000e+02
   9.0900000e+02  -2.5000000e+01   1.8200000e+02
   9.5900000e+02  -7.1000000e+01   1.9900000e+02
   1.0520000e+03  -6.0000000e+01   3.3300000e+02
   9.6400000e+02  -2.4600000e+02   3.1600000e+02
   8.4800000e+02  -2.2500000e+02   4.1700000e+02
   9.8100000e+02  -4.9000000e+02   3.6600000e+02
   9.4200000e+02  -3.7200000e+02   2.0300000e+02
   8.8100000e+02  -1.8600000e+02   3.9800000e+02
   9.2400000e+02  -1.4100000e+02   5.1200000e+02
   1.0120000e+03  -1.5700000e+02   5.9400000e+02
   7.4700000e+02  -3.5600000e+02   5.6200000e+02
   5.8500000e+02  -2.8700000e+02   6.4500000e+02
   9.8100000e+02  -3.1600000e+02   4.8700000e+02
   9.8100000e+02  -1.3300000e+02   3.1100000e+02
   8.7400000e+02  -9.1000000e+01   4.3600000e+02
   1.0670000e+03  -2.1000000e+02   3.9100000e+02
   9.6000000e+02  -4.0700000e+02   4.2200000e+02
   5.9200000e+02  -3.0900000e+02   5.6000000e+02
   1.0140000e+03  -2.3800000e+02   6.0600000e+02
   1.0170000e+03   9.4000000e+01   2.6500000e+02
   8.5500000e+02  -9.3000000e+01   3.2700000e+02
   1.0900000e+03  -1.3300000e+02   3.9800000e+02
   8.2700000e+02  -9.2000000e+01   5.9900000e+02
   7.2600000e+02  -2.3400000e+02   4.7100000e+02
   8.3100000e+02  -2.1200000e+02   6.9700000e+02
   8.8200000e+02  -3.7000000e+02   3.8700000e+02
   8.7500000e+02  -2.6100000e+02   4.3200000e+02
   8.4100000e+02  -2.6600000e+02   4.7200000e+02
   9.8400000e+02  -2.3700000e+02   5.1000000e+02
   9.3400000e+02  -3.7500000e+02   4.8600000e+02
   7.2100000e+02  -3.4000000e+02   4.8700000e+02
   1.0680000e+03  -3.8900000e+02   4.9400000e+02
   1.0490000e+03  -9.0000000e+01   2.4000000e+02
   9.2400000e+02  -1.0700000e+02   2.6600000e+02
   1.0720000e+03  -8.5000000e+01   4.4300000e+02
   9.1900000e+02  -9.5000000e+01   4.2100000e+02
   7.3500000e+02  -1.6600000e+02   5.5300000e+02
   7.9700000e+02  -1.2900000e+02   6.5400000e+02
   8.6500000e+02  -1.3700000e+02   3.9600000e+02
   9.3100000e+02  -2.6000000e+01   2.6900000e+02
   8.8900000e+02   5.4000000e+01   2.9300000e+02
   1.0020000e+03  -1.3800000e+02   3.2200000e+02
   9.4000000e+02  -2.5900000e+02   5.2500000e+02
   6.9200000e+02  -1.2200000e+02   5.6200000e+02
   1.0740000e+03  -1.0600000e+02   6.5000000e+02
   9.9200000e+02   1.6000000e+01   3.1900000e+02
   9.1200000e+02  -1.1000000e+01   2.9400000e+02
   9.7500000e+02  -2.0100000e+02   2.9200000e+02
   9.1000000e+02  -1.0600000e+02   4.3700000e+02
   7.2200000e+02  -2.7300000e+02   6.3400000e+02
   5.9800000e+02  -2.1800000e+02   6.6600000e+02
   9.6900000e+02  -1.6900000e+02   6.3700000e+02
   9.7100000e+02  -1.9000000e+01   3.0700000e+02
   8.8800000e+02  -1.9700000e+02   2.7000000e+02
   9.7000000e+02  -3.1900000e+02   3.0700000e+02
   9.9400000e+02  -3.2900000e+02   4.6600000e+02
   8.0700000e+02  -3.0900000e+02   4.1900000e+02
   9.0000000e+02  -4.2900000e+02   4.9000000e+02
   9.1000000e+02  -3.2600000e+02   3.0400000e+02
   9.2400000e+02  -1.3000000e+02   3.6700000e+02
   8.1600000e+02  -6.4000000e+01   6.2100000e+02
   8.9200000e+02  -6.2000000e+01   6.1200000e+02
   8.2500000e+02  -1.7400000e+02   6.1500000e+02
   6.6900000e+02  -1.9900000e+02   5.6900000e+02
   8.9500000e+02  -2.5900000e+02   6.1800000e+02
   1.0350000e+03  -2.3600000e+02   2.2500000e+02
   9.5000000e+02  -2.7000000e+01   2.0500000e+02
   9.7500000e+02  -1.6400000e+02   4.7100000e+02
