   8.6000000e+02  -3.7000000e+02   3.8900000e+02
   9.0000000e+02  -2.9900000e+02   5.6800000e+02
   9.1500000e+02  -3.3900000e+02   4.3400000e+02
   7.7100000e+02  -4.7400000e+02   5.4800000e+02
   4.5800000e+02  -3.3300000e+02   6.8400000e+02
   7.4400000e+02  -1.6700000e+02   6.4700000e+02
   9.1200000e+02  -8.7000000e+01   3.9000000e+02
   8.9500000e+02  -5.6000000e+01   4.5600000e+02
   1.0360000e+03  -2.3500000e+02   4.2200000e+02
   7.8200000e+02  -1.0600000e+02   6.2300000e+02
   5.3400000e+02  -1.5400000e+02   7.3700000e+02
   8.3800000e+02  -1.4800000e+02   6.8800000e+02
   1.0030000e+03  -1.2600000e+02   4.6200000e+02
   8.6200000e+02  -9.0000000e+01   3.8800000e+02
   1.0370000e+03  -1.5900000e+02   3.8600000e+02
   9.0500000e+02  -3.3000000e+01   4.6700000e+02
   7.8700000e+02  -1.8200000e+02   5.7800000e+02
   7.8500000e+02  -1.6700000e+02   6.1400000e+02
   9.5300000e+02  -2.9000000e+01   4.4400000e+02
   9.8200000e+02  -9.8000000e+01   2.0700000e+02
   1.0640000e+03  -1.0700000e+02   3.0600000e+02
   1.0160000e+03  -1.5000000e+02   3.6800000e+02
   8.5900000e+02  -2.3900000e+02   4.7200000e+02
   8.9400000e+02  -1.9800000e+02   6.1900000e+02
   9.0800000e+02  -7.5000000e+01   3.3900000e+02
   9.9700000e+02  -8.4000000e+01   2.9600000e+02
   9.1700000e+02  -9.9000000e+01   3.5200000e+02
   1.0130000e+03  -9.0000000e+01   3.3600000e+02
   9.5900000e+02  -1.7600000e+02   4.4100000e+02
   7.6200000e+02  -3.1800000e+02   5.8500000e+02
   7.4200000e+02  -3.3500000e+02   6.4100000e+02
   8.9900000e+02  -3.0900000e+02   5.2800000e+02
   9.4200000e+02  -2.8900000e+02   4.3400000e+02
   8.8300000e+02  -1.1000000e+02   3.8400000e+02
   9.4800000e+02  -9.2000000e+01   4.2700000e+02
   9.4900000e+02  -7.6000000e+01   3.9500000e+02
   9.8900000e+02  -8.6000000e+01   5.8400000e+02
   7.0400000e+02   1.0000000e+00   6.2100000e+02
   8.3000000e+02  -5.3000000e+01   7.5600000e+02
   9.3500000e+02  -3.9000000e+01   4.4600000e+02
   9.6400000e+02   9.0000000e+01   3.5900000e+02
   8.7700000e+02  -5.0000000e+00   3.4100000e+02
   1.0320000e+03   1.1500000e+02   3.9000000e+02
   1.0020000e+03  -2.5000000e+01   3.6100000e+02
   8.9100000e+02  -1.6000000e+02   5.3800000e+02
   7.8300000e+02  -1.5000000e+02   5.1800000e+02
   9.2500000e+02  -1.2300000e+02   4.8700000e+02
   1.0250000e+03  -4.0000000e+01   3.1800000e+02
   9.3000000e+02   5.2000000e+01   2.9800000e+02
   7.8500000e+02  -4.8000000e+01   3.2200000e+02
   9.3100000e+02  -8.6000000e+01   2.9400000e+02
   9.3500000e+02  -1.7800000e+02   4.6000000e+02
   7.8000000e+02  -2.0600000e+02   5.5500000e+02
   9.0400000e+02  -1.1900000e+02   5.8700000e+02
   9.2200000e+02  -1.5000000e+01   3.7900000e+02
   9.3200000e+02  -2.5000000e+01   2.3800000e+02
   9.5900000e+02  -4.7000000e+01   3.1500000e+02
   1.0590000e+03  -1.3600000e+02   1.9800000e+02
   9.8300000e+02  -1.4700000e+02   4.0300000e+02
   8.6600000e+02  -2.1800000e+02   5.5100000e+02
   7.0200000e+02  -2.0100000e+02   5.4000000e+02
   9.2500000e+02  -6.5000000e+01   5.6000000e+02
   8.9500000e+02  -3.8000000e+01   3.0200000e+02
   9.7700000e+02   2.8000000e+01   2.3500000e+02
   9.6800000e+02  -1.1600000e+02   3.0200000e+02
   1.0250000e+03  -2.0300000e+02   2.1900000e+02
   9.1200000e+02  -1.9800000e+02   4.7400000e+02
   8.8100000e+02  -1.7100000e+02   4.4700000e+02
   8.7800000e+02  -1.3500000e+02   5.2600000e+02
   8.6900000e+02  -1.5300000e+02   4.0300000e+02
   9.2300000e+02  -1.8200000e+02   3.9300000e+02
   9.2500000e+02  -5.8000000e+01   3.2900000e+02
   9.3600000e+02  -4.5000000e+01   3.3700000e+02
   9.1100000e+02  -4.8000000e+01   4.3200000e+02
   9.9500000e+02  -1.5600000e+02   5.2000000e+02
   7.1400000e+02  -2.4000000e+02   5.2500000e+02
   7.9300000e+02  -2.8500000e+02   6.5400000e+02
   9.0900000e+02  -1.0900000e+02   4.7900000e+02
   9.1100000e+02  -2.3000000e+01   2.8100000e+02
   9.5900000e+02  -7.6000000e+01   2.6300000e+02
   9.8400000e+02  -1.3700000e+02   3.3100000e+02
   1.0910000e+03  -2.5700000e+02   4.8500000e+02
   7.6800000e+02  -1.5500000e+02   5.3200000e+02
   9.2700000e+02  -1.4600000e+02   5.8900000e+02
   8.1600000e+02  -8.0000000e+01   3.2800000e+02
   9.4900000e+02  -1.2000000e+01   2.5300000e+02
   9.2400000e+02  -1.2600000e+02   4.7700000e+02
   9.1800000e+02  -1.5400000e+02   4.8200000e+02
   8.5200000e+02  -2.2100000e+02   6.1000000e+02
   6.5300000e+02  -2.1600000e+02   6.5800000e+02
   1.0260000e+03  -2.4300000e+02   6.2800000e+02
   8.9600000e+02  -1.5000000e+01   2.4500000e+02
   9.4600000e+02   4.0000000e+00   2.2900000e+02
   9.6000000e+02  -1.2700000e+02   3.5100000e+02
   9.9600000e+02  -1.1100000e+02   3.5600000e+02
   8.7200000e+02  -2.0400000e+02   6.0000000e+02
