   1.0970000e+03  -2.2700000e+02   2.7000000e+02
   9.0600000e+02  -2.5700000e+02   4.9800000e+02
   8.6600000e+02  -1.9400000e+02   5.9100000e+02
   9.4600000e+02  -1.6800000e+02   4.5200000e+02
   9.2900000e+02  -1.3700000e+02   3.8100000e+02
   9.7400000e+02  -1.4000000e+02   4.2500000e+02
   9.2500000e+02  -2.8200000e+02   3.7900000e+02
   7.0700000e+02  -2.5900000e+02   5.7700000e+02
   4.4700000e+02  -3.3200000e+02   7.9700000e+02
   8.0200000e+02  -2.9600000e+02   5.4900000e+02
   9.0000000e+02  -1.7100000e+02   3.5100000e+02
   8.5600000e+02  -2.4300000e+02   3.2400000e+02
   1.0340000e+03  -4.2000000e+01   1.9000000e+02
   1.0330000e+03  -1.7300000e+02   3.1600000e+02
   7.8000000e+02  -3.4500000e+02   5.3000000e+02
   8.3500000e+02  -2.8700000e+02   6.8500000e+02
   9.3700000e+02  -1.5400000e+02   5.0300000e+02
   9.5500000e+02   5.6000000e+01   3.9700000e+02
   9.2600000e+02   5.1000000e+01   3.0900000e+02
   1.0000000e+03  -3.2000000e+01   3.8500000e+02
   8.7600000e+02  -9.2000000e+01   5.5100000e+02
   6.6800000e+02  -2.4600000e+02   6.0300000e+02
   9.8500000e+02  -2.7100000e+02   5.8900000e+02
   9.9300000e+02  -3.4000000e+01   2.9000000e+02
   8.7900000e+02   3.1000000e+01   2.5300000e+02
   8.7900000e+02   3.1000000e+01   2.5300000e+02
   1.0040000e+03   4.0000000e+01   3.6500000e+02
   7.5500000e+02  -1.3700000e+02   5.1900000e+02
   7.7500000e+02  -1.6200000e+02   7.1400000e+02
   8.3000000e+02  -9.7000000e+01   4.5400000e+02
   9.3700000e+02  -9.5000000e+01   4.2100000e+02
   8.7700000e+02  -1.7100000e+02   3.7000000e+02
   1.0420000e+03  -9.1000000e+01   4.7900000e+02
   9.5500000e+02  -6.3000000e+01   4.4500000e+02
   8.8400000e+02  -1.4100000e+02   4.8800000e+02
   7.5000000e+02  -1.7000000e+02   6.1800000e+02
   9.3600000e+02  -2.3700000e+02   4.4100000e+02
   9.4300000e+02  -1.6800000e+02   2.6500000e+02
   8.7900000e+02  -1.4700000e+02   2.5400000e+02
   1.0130000e+03  -1.1500000e+02   3.0400000e+02
   9.4200000e+02  -2.0100000e+02   4.4900000e+02
   7.6200000e+02  -1.8700000e+02   5.1700000e+02
   7.7600000e+02  -2.9800000e+02   6.0300000e+02
   8.9700000e+02  -1.9700000e+02   3.2300000e+02
   9.5500000e+02  -1.5000000e+02   1.9300000e+02
   9.2500000e+02  -5.2000000e+01   2.9900000e+02
   1.0040000e+03  -1.0200000e+02   2.0700000e+02
   1.0330000e+03  -2.7700000e+02   4.7200000e+02
   8.1400000e+02  -1.6700000e+02   5.3600000e+02
   8.4300000e+02  -9.5000000e+01   6.2400000e+02
   8.2800000e+02  -3.5000000e+01   3.7400000e+02
   9.2100000e+02  -6.5000000e+01   4.7900000e+02
   8.7100000e+02  -1.1100000e+02   4.0500000e+02
   1.0440000e+03  -1.5100000e+02   3.9100000e+02
   1.0950000e+03  -2.5800000e+02   4.7700000e+02
   6.5600000e+02  -2.8300000e+02   6.1500000e+02
   8.8800000e+02  -2.6900000e+02   6.4700000e+02
   8.7900000e+02  -7.2000000e+01   3.5000000e+02
   9.6900000e+02  -9.6000000e+01   2.4600000e+02
   9.0800000e+02  -1.0500000e+02   3.3200000e+02
   1.0410000e+03  -1.4500000e+02   3.0000000e+02
   7.9200000e+02  -1.8700000e+02   5.5900000e+02
   7.9900000e+02  -2.5000000e+02   5.2500000e+02
   7.9500000e+02  -3.3200000e+02   6.1000000e+02
   8.4600000e+02  -2.5200000e+02   4.2000000e+02
   9.4100000e+02  -1.5900000e+02   3.5000000e+02
   8.9700000e+02  -6.8000000e+01   3.5000000e+02
   9.5800000e+02  -1.7000000e+01   4.0000000e+02
   9.9400000e+02  -4.4000000e+01   4.7500000e+02
   8.3300000e+02  -2.0500000e+02   5.5100000e+02
   7.1100000e+02  -2.3000000e+02   6.1500000e+02
   9.2900000e+02  -1.4900000e+02   6.3200000e+02
   9.1900000e+02  -1.7800000e+02   3.1900000e+02
   9.4900000e+02   4.0000000e+00   2.0700000e+02
   1.0020000e+03  -5.2000000e+01   2.1300000e+02
   1.0500000e+03  -1.5500000e+02   1.9100000e+02
   8.9600000e+02  -1.9100000e+02   3.0200000e+02
   8.2400000e+02  -2.3000000e+02   4.8100000e+02
   8.6400000e+02  -1.9000000e+02   5.6700000e+02
   8.7300000e+02  -2.7000000e+01   2.6200000e+02
   9.8300000e+02  -1.3000000e+01   1.4200000e+02
   9.3300000e+02  -1.6000000e+01   1.9000000e+02
   1.0320000e+03   5.6000000e+01   1.1700000e+02
   1.0160000e+03  -9.8000000e+01   2.8600000e+02
   8.2500000e+02  -2.4000000e+01   5.8900000e+02
   8.3700000e+02  -8.1000000e+01   5.3700000e+02
   1.0530000e+03  -6.4000000e+01   4.1400000e+02
   9.3600000e+02  -6.8000000e+01   3.6700000e+02
   1.0170000e+03  -7.4000000e+01   4.1700000e+02
   8.7300000e+02  -8.7000000e+01   2.7900000e+02
   8.7000000e+02  -2.1500000e+02   4.8000000e+02
   7.5700000e+02  -1.9200000e+02   5.8000000e+02
   8.4200000e+02  -1.8300000e+02   3.6700000e+02
   1.0740000e+03  -1.0900000e+02   3.3500000e+02
   9.9900000e+02  -5.1000000e+01   2.5000000e+02
   1.0550000e+03  -8.6000000e+01   2.3100000e+02
