   8.6500000e+02  -1.2800000e+02   4.3800000e+02
   1.0070000e+03  -1.4300000e+02   3.2700000e+02
   9.2600000e+02  -1.3100000e+02   5.7300000e+02
   4.6600000e+02  -1.1800000e+02   7.2700000e+02
   9.2200000e+02  -2.6400000e+02   6.7300000e+02
   9.1200000e+02  -2.1700000e+02   5.0600000e+02
   8.9000000e+02  -1.0900000e+02   4.0800000e+02
   8.9000000e+02  -1.0900000e+02   4.0800000e+02
   1.0420000e+03  -7.5000000e+01   5.2400000e+02
   8.1700000e+02  -2.1000000e+02   6.3800000e+02
   8.6400000e+02  -2.3200000e+02   5.3200000e+02
   9.6300000e+02  -3.4500000e+02   4.7400000e+02
   8.7900000e+02  -2.5500000e+02   4.5000000e+02
   1.0260000e+03  -6.6000000e+01   3.8100000e+02
   9.3200000e+02  -8.3000000e+01   3.1000000e+02
   9.5100000e+02  -1.3800000e+02   5.5900000e+02
   6.9200000e+02  -2.1400000e+02   6.8400000e+02
   6.8300000e+02  -1.6300000e+02   5.1700000e+02
   9.7400000e+02  -1.6100000e+02   4.7200000e+02
   8.9700000e+02  -1.3700000e+02   4.0500000e+02
   9.1200000e+02  -1.1100000e+02   2.3500000e+02
   9.7400000e+02  -2.5600000e+02   4.2400000e+02
   7.1900000e+02  -1.7900000e+02   5.4700000e+02
   9.8800000e+02  -1.8900000e+02   5.6000000e+02
   1.0430000e+03  -8.2000000e+01   4.7300000e+02
   8.8200000e+02  -8.9000000e+01   3.2800000e+02
   1.0730000e+03  -1.6500000e+02   3.8500000e+02
   8.9400000e+02  -1.8400000e+02   4.6800000e+02
   8.5000000e+02  -2.0200000e+02   5.5500000e+02
   7.5300000e+02  -1.9000000e+02   6.1700000e+02
   1.0890000e+03  -1.5500000e+02   4.5000000e+02
   9.9900000e+02  -3.2000000e+01   1.9000000e+02
   9.2600000e+02  -1.4900000e+02   2.2900000e+02
   1.0200000e+03  -1.7600000e+02   2.0800000e+02
   1.0430000e+03  -2.3900000e+02   4.2900000e+02
   8.0700000e+02  -2.2400000e+02   4.9000000e+02
   9.6700000e+02  -2.5200000e+02   6.3200000e+02
   9.2800000e+02  -8.0000000e+00   2.3100000e+02
   9.3500000e+02  -8.1000000e+01   2.1200000e+02
   1.0340000e+03   9.0000000e+00   3.2100000e+02
   9.8700000e+02  -5.6000000e+01   4.6500000e+02
   7.3200000e+02  -1.8100000e+02   5.9400000e+02
   8.8600000e+02  -2.4800000e+02   5.7500000e+02
   8.7300000e+02  -3.1000000e+02   4.4700000e+02
   9.5700000e+02  -1.6000000e+02   3.7300000e+02
   9.4300000e+02  -4.9000000e+01   2.9700000e+02
   9.9200000e+02  -4.9000000e+01   3.0600000e+02
   8.7900000e+02  -1.1800000e+02   4.7700000e+02
   8.1600000e+02  -2.4600000e+02   6.2700000e+02
   5.0300000e+02  -3.0800000e+02   6.7000000e+02
   8.2700000e+02  -3.0700000e+02   5.8000000e+02
   9.7900000e+02  -2.0000000e+02   3.3300000e+02
   8.8900000e+02  -5.9000000e+01   4.1500000e+02
   1.0680000e+03  -2.2500000e+02   4.3300000e+02
   1.0050000e+03  -4.0200000e+02   4.2700000e+02
   7.2700000e+02  -1.7400000e+02   5.6800000e+02
   1.0820000e+03  -1.9400000e+02   4.1900000e+02
   9.6600000e+02   7.3000000e+01   2.3800000e+02
   8.9300000e+02   3.1000000e+01   2.5000000e+02
   8.9300000e+02   3.1000000e+01   2.5000000e+02
   9.5700000e+02  -8.1000000e+01   4.1400000e+02
   8.5000000e+02  -3.3800000e+02   5.2800000e+02
   7.6600000e+02  -2.7400000e+02   6.2100000e+02
   8.7000000e+02  -1.2300000e+02   4.8000000e+02
   9.2300000e+02  -1.4100000e+02   3.9100000e+02
   9.7600000e+02  -2.0700000e+02   2.3200000e+02
   9.4200000e+02  -1.5700000e+02   2.0500000e+02
   9.1700000e+02  -2.1800000e+02   4.2100000e+02
   7.4100000e+02  -2.2700000e+02   5.2600000e+02
   8.9900000e+02  -1.5800000e+02   4.2600000e+02
   8.9300000e+02  -4.1000000e+01   2.8000000e+02
   1.0420000e+03  -3.9000000e+01   2.4400000e+02
   1.0420000e+03  -3.9000000e+01   2.4400000e+02
   7.7900000e+02  -1.9700000e+02   5.6900000e+02
   8.4100000e+02  -2.9300000e+02   6.1200000e+02
   9.2900000e+02  -2.8400000e+02   4.7200000e+02
   8.6100000e+02  -3.2600000e+02   5.4800000e+02
   8.4400000e+02  -1.3100000e+02   7.0900000e+02
   9.1400000e+02  -2.3700000e+02   4.8600000e+02
   7.7100000e+02  -2.3700000e+02   5.8500000e+02
   6.0100000e+02  -2.5700000e+02   6.2300000e+02
   8.8700000e+02  -1.8000000e+02   4.4100000e+02
   9.6600000e+02  -1.0000000e+02   2.7700000e+02
   9.2400000e+02   1.1000000e+01   4.1900000e+02
   9.1400000e+02  -1.1700000e+02   2.7700000e+02
   8.8500000e+02  -1.2900000e+02   5.6100000e+02
   7.5100000e+02  -1.9800000e+02   5.4700000e+02
   8.6700000e+02  -1.0800000e+02   4.9500000e+02
   9.2400000e+02  -4.0000000e+01   3.1300000e+02
   9.0800000e+02  -9.4000000e+01   3.6000000e+02
   9.5400000e+02  -1.3100000e+02   4.0700000e+02
   9.1800000e+02  -1.8400000e+02   4.7600000e+02
   5.7600000e+02  -2.7600000e+02   6.1000000e+02
   9.8600000e+02  -3.5000000e+02   4.8700000e+02
   1.0440000e+03  -2.5500000e+02   2.9400000e+02
   9.3900000e+02  -1.1200000e+02   2.6700000e+02
