   5.9000000e+02  -3.4900000e+02   5.9100000e+02
   8.6300000e+02  -2.5900000e+02   6.6400000e+02
   9.6000000e+02  -1.0500000e+02   4.3900000e+02
   9.4200000e+02  -1.6000000e+02   2.4000000e+02
   9.2500000e+02  -6.9000000e+01   3.7300000e+02
   9.9000000e+02  -1.8600000e+02   1.8100000e+02
   9.8000000e+02  -2.3800000e+02   3.8900000e+02
   6.8900000e+02  -3.3900000e+02   5.8600000e+02
   6.5500000e+02  -3.1400000e+02   6.1400000e+02
   8.3900000e+02  -2.4300000e+02   4.7500000e+02
   9.2700000e+02  -1.7000000e+02   3.9600000e+02
   9.0800000e+02  -1.9800000e+02   3.6500000e+02
   9.3300000e+02  -1.2000000e+02   3.5100000e+02
   9.4000000e+02  -2.3700000e+02   4.7700000e+02
   7.0000000e+02  -2.7900000e+02   5.7600000e+02
   7.2600000e+02  -3.6800000e+02   5.8700000e+02
   9.4300000e+02  -2.6900000e+02   4.9200000e+02
   9.2400000e+02  -1.5300000e+02   2.7000000e+02
   9.5300000e+02  -1.0500000e+02   1.7900000e+02
   1.0430000e+03  -2.2300000e+02   1.3900000e+02
   9.0200000e+02  -1.7000000e+02   1.2200000e+02
   9.6000000e+02  -3.0600000e+02   1.9700000e+02
   8.9900000e+02  -3.1900000e+02   4.8300000e+02
   8.3400000e+02  -1.5800000e+02   5.6700000e+02
   8.0700000e+02  -6.0000000e+01   5.5300000e+02
   9.5200000e+02   7.4000000e+01   5.0700000e+02
   8.6900000e+02  -1.2000000e+02   3.7100000e+02
   1.0390000e+03  -2.4800000e+02   2.3800000e+02
   9.2400000e+02  -3.9800000e+02   3.8400000e+02
   8.0800000e+02  -3.7500000e+02   5.0700000e+02
   8.1900000e+02  -2.8800000e+02   5.0700000e+02
   9.8900000e+02  -1.1100000e+02   4.9500000e+02
   1.0330000e+03  -4.6000000e+01   2.9800000e+02
   9.0600000e+02  -1.2100000e+02   2.5500000e+02
   1.0490000e+03  -1.7300000e+02   2.6100000e+02
   9.5300000e+02  -1.4800000e+02   2.1300000e+02
   9.3500000e+02  -2.1800000e+02   4.3400000e+02
   8.2300000e+02  -2.4900000e+02   4.9500000e+02
   8.9500000e+02  -1.3100000e+02   5.6000000e+02
   9.7900000e+02  -3.7000000e+01   2.9900000e+02
   1.0160000e+03  -2.0100000e+02   3.3100000e+02
   9.6700000e+02  -6.4000000e+01   2.2400000e+02
   9.4400000e+02   9.0000000e+00   3.4200000e+02
   9.8600000e+02  -1.7000000e+02   5.0500000e+02
   7.2500000e+02  -1.7400000e+02   5.5900000e+02
   8.6700000e+02  -1.6000000e+02   6.2500000e+02
   9.4700000e+02   1.3000000e+01   4.9300000e+02
   9.1600000e+02  -3.2000000e+01   2.5700000e+02
   9.2500000e+02  -3.0000000e+01   2.2400000e+02
   1.0420000e+03  -1.4500000e+02   2.2000000e+02
   9.3300000e+02  -1.8600000e+02   3.5500000e+02
   8.7900000e+02  -1.4200000e+02   5.4500000e+02
   7.7000000e+02  -2.1300000e+02   5.3900000e+02
   8.3700000e+02  -8.7000000e+01   5.5100000e+02
   9.8500000e+02  -8.6000000e+01   3.6100000e+02
   9.7300000e+02  -1.4000000e+01   2.7500000e+02
   9.9800000e+02  -1.7700000e+02   4.0500000e+02
   9.7700000e+02  -1.2500000e+02   3.2700000e+02
   8.9400000e+02  -1.7300000e+02   4.0400000e+02
   8.0400000e+02  -2.8700000e+02   5.7000000e+02
   9.0500000e+02  -3.1000000e+02   5.4000000e+02
   9.1500000e+02  -1.4600000e+02   2.8100000e+02
   8.3700000e+02  -7.7000000e+01   4.0500000e+02
   8.9200000e+02  -8.2000000e+01   4.4800000e+02
   9.5000000e+02  -5.7000000e+01   4.2000000e+02
   9.5200000e+02  -2.3800000e+02   4.9900000e+02
   7.8200000e+02  -2.2600000e+02   5.4200000e+02
   7.3300000e+02  -2.1000000e+02   6.1600000e+02
   9.8500000e+02  -2.3800000e+02   4.9200000e+02
   9.4000000e+02  -7.3000000e+01   1.9900000e+02
   9.6900000e+02   1.4000000e+01   3.1600000e+02
   1.0520000e+03  -6.0000000e+01   3.6400000e+02
   9.6100000e+02  -1.0500000e+02   3.6400000e+02
   8.6200000e+02  -1.6400000e+02   5.3500000e+02
   7.2300000e+02  -2.1500000e+02   5.8300000e+02
   9.7000000e+02  -2.2300000e+02   6.3500000e+02
   8.7700000e+02  -9.7000000e+01   2.4200000e+02
   9.4700000e+02  -6.5000000e+01   2.7800000e+02
   9.8600000e+02  -1.3900000e+02   3.6200000e+02
   9.4500000e+02  -1.3700000e+02   4.1400000e+02
   8.7900000e+02  -2.9100000e+02   4.8000000e+02
   6.5700000e+02  -3.4500000e+02   6.5200000e+02
   9.5000000e+02  -2.7800000e+02   6.9700000e+02
   8.6200000e+02  -1.2400000e+02   3.2800000e+02
   9.6400000e+02  -5.6000000e+01   2.1800000e+02
   9.2700000e+02  -7.5000000e+01   3.1900000e+02
   1.0100000e+03  -7.6000000e+01   2.5500000e+02
   1.0220000e+03  -1.4600000e+02   3.6800000e+02
   8.9100000e+02  -1.7100000e+02   4.9900000e+02
   7.3600000e+02  -1.8200000e+02   6.4100000e+02
   8.1500000e+02  -9.2000000e+01   4.9800000e+02
   9.4200000e+02  -8.9000000e+01   3.6100000e+02
   8.8500000e+02  -1.2200000e+02   4.5500000e+02
   9.5200000e+02  -6.6000000e+01   4.2200000e+02
   9.0700000e+02  -1.5600000e+02   3.6600000e+02
   8.2100000e+02  -2.5300000e+02   4.8300000e+02
