  -6.9200000e+02   7.3700000e+02   1.9800000e+02
  -9.3100000e+02   4.1200000e+02   3.2500000e+02
  -9.0300000e+02  -5.1000000e+01   3.8500000e+02
  -9.2100000e+02  -2.7000000e+02   3.3500000e+02
  -8.4000000e+02  -6.9200000e+02   4.3000000e+02
  -8.3600000e+02  -3.7600000e+02   2.6700000e+02
  -9.6200000e+02   1.3500000e+02   3.2600000e+02
  -8.4700000e+02   4.4400000e+02   1.4500000e+02
  -6.0900000e+02   9.0100000e+02   1.5700000e+02
  -6.2800000e+02   8.3200000e+02   2.9100000e+02
  -8.6800000e+02   2.9300000e+02   3.3800000e+02
  -9.6200000e+02   2.8000000e+01   2.4700000e+02
  -9.0900000e+02  -1.7800000e+02   2.7400000e+02
  -8.4100000e+02  -4.1400000e+02   5.5000000e+02
  -8.3400000e+02  -4.3400000e+02   5.9000000e+02
  -9.0500000e+02  -1.1700000e+02   3.7500000e+02
  -9.2900000e+02   1.8900000e+02   2.8100000e+02
  -7.4500000e+02   5.1200000e+02   1.3100000e+02
  -5.9700000e+02   8.7800000e+02  -2.0000000e+00
  -7.7400000e+02   4.0700000e+02  -2.4000000e+01
  -9.2700000e+02  -5.4000000e+01  -9.9000000e+01
  -9.0800000e+02  -3.1500000e+02   7.0000000e+01
  -8.2600000e+02  -7.9300000e+02  -1.5500000e+02
  -8.3900000e+02  -6.5000000e+02  -1.9700000e+02
  -9.2300000e+02  -2.4300000e+02  -2.0000000e+01
  -9.0100000e+02   3.5300000e+02   2.8500000e+02
  -6.6300000e+02   6.7400000e+02   3.4500000e+02
  -5.8500000e+02   1.0100000e+03   5.2000000e+02
  -7.4700000e+02   5.7200000e+02   2.7000000e+02
  -1.0020000e+03  -3.7000000e+01  -2.2000000e+01
  -1.0380000e+03  -8.6000000e+01  -1.6000000e+02
  -9.1600000e+02  -6.1100000e+02  -1.3900000e+02
  -9.1600000e+02  -6.1100000e+02  -1.3900000e+02
  -8.3800000e+02  -5.4500000e+02  -2.3900000e+02
  -9.1500000e+02   1.4200000e+02   5.0000000e+00
  -9.7400000e+02   3.9100000e+02   1.5200000e+02
  -9.1700000e+02   6.3200000e+02   3.0900000e+02
  -8.8000000e+02   3.6300000e+02   1.7400000e+02
  -8.9800000e+02  -1.4900000e+02   1.7100000e+02
  -9.1600000e+02  -6.6300000e+02   1.3200000e+02
  -9.7500000e+02  -6.3200000e+02  -4.6000000e+01
  -9.9300000e+02  -2.1200000e+02  -8.4000000e+01
  -8.7600000e+02   4.0600000e+02   2.2000000e+01
  -7.2300000e+02   7.8300000e+02   1.3000000e+02
  -7.3600000e+02   7.5700000e+02   2.6100000e+02
  -8.5700000e+02   2.3100000e+02   1.3600000e+02
  -9.5100000e+02  -2.6100000e+02   1.4000000e+01
  -8.9900000e+02  -6.0000000e+02   2.3000000e+01
  -9.2100000e+02  -5.9600000e+02   2.8000000e+01
  -9.9000000e+02  -1.8800000e+02   5.3000000e+01
  -9.0600000e+02   3.2800000e+02   1.1200000e+02
  -6.6300000e+02   8.0900000e+02   3.0000000e+01
  -6.3500000e+02   7.0800000e+02   1.8800000e+02
  -8.6500000e+02   2.5800000e+02   1.4000000e+02
  -1.0180000e+03  -1.1700000e+02   5.6000000e+01
  -9.4400000e+02  -3.9800000e+02   1.7900000e+02
  -9.0800000e+02  -6.0800000e+02   1.6900000e+02
  -9.6200000e+02  -2.9600000e+02   1.5300000e+02
  -9.6100000e+02   1.3400000e+02   3.9000000e+01
  -8.5300000e+02   4.8600000e+02   3.6000000e+01
  -7.3500000e+02   7.9900000e+02   1.5400000e+02
  -8.0200000e+02   5.6800000e+02   1.3000000e+02
  -9.2100000e+02   5.5000000e+01   2.8300000e+02
  -8.9700000e+02  -1.6400000e+02   3.5500000e+02
  -8.4000000e+02  -6.7700000e+02   5.2200000e+02
  -8.3000000e+02  -4.8300000e+02   4.7400000e+02
  -9.2000000e+02  -1.8700000e+02   3.9200000e+02
  -8.5300000e+02   2.5800000e+02   1.9000000e+02
  -7.5800000e+02   7.4600000e+02   1.8000000e+02
  -7.0900000e+02   7.5800000e+02   2.9200000e+02
  -8.5200000e+02   2.7200000e+02   1.9000000e+02
  -9.7400000e+02  -6.1000000e+01   1.4000000e+02
  -9.2800000e+02  -3.4000000e+02   5.1000000e+01
  -8.2600000e+02  -8.4700000e+02   1.8100000e+02
  -8.6000000e+02  -5.8700000e+02   2.2000000e+02
  -9.2800000e+02  -1.9700000e+02   2.3500000e+02
  -9.2800000e+02   1.5600000e+02   2.6000000e+02
  -8.0800000e+02   5.3600000e+02   2.8400000e+02
  -6.8300000e+02   7.5100000e+02   4.4500000e+02
  -8.3200000e+02   4.6500000e+02   3.9300000e+02
  -9.5000000e+02   7.4000000e+01   3.2100000e+02
  -9.4200000e+02  -2.8500000e+02   2.4700000e+02
  -8.7900000e+02  -5.2400000e+02   4.0400000e+02
  -8.8900000e+02  -2.7800000e+02   3.8700000e+02
  -7.2900000e+02   1.2200000e+02   3.2900000e+02
  -7.2500000e+02   7.1200000e+02   3.3300000e+02
  -7.4300000e+02   6.5600000e+02   3.4000000e+02
  -9.4600000e+02   1.7300000e+02   1.4000000e+02
  -9.7600000e+02  -4.8000000e+01  -8.5000000e+01
  -9.5300000e+02  -3.3300000e+02   2.1000000e+01
  -9.4800000e+02  -5.4500000e+02   6.3000000e+01
  -9.5000000e+02  -4.6400000e+02   5.8000000e+01
  -1.0080000e+03  -9.0000000e+01   9.4000000e+01
  -9.6000000e+02   2.2900000e+02   9.0000000e+00
  -8.1900000e+02   5.4300000e+02   7.8000000e+01
  -6.8300000e+02   8.2900000e+02   2.5200000e+02
