  -7.5100000e+02   2.6000000e+02   1.2000000e+01
  -2.2800000e+02   1.0600000e+03  -3.2600000e+02
  -2.8800000e+02   1.0590000e+03   2.6000000e+01
  -7.6900000e+02   5.3000000e+02   1.3600000e+02
  -1.0080000e+03   1.9700000e+02   5.0000000e+01
  -9.7600000e+02  -1.7100000e+02   0.0000000e+00
  -9.7900000e+02  -7.2000000e+02   1.7300000e+02
  -9.3500000e+02  -5.4300000e+02   1.0300000e+02
  -9.1900000e+02  -3.5200000e+02  -7.0000000e+00
  -8.7800000e+02   3.6800000e+02   1.4200000e+02
  -6.9900000e+02   7.4800000e+02   6.0000000e+00
  -5.4400000e+02   8.9800000e+02   2.3900000e+02
  -7.2700000e+02   5.5300000e+02   1.7800000e+02
  -9.7300000e+02  -2.7000000e+01   1.6800000e+02
  -1.0030000e+03  -2.2800000e+02   9.2000000e+01
  -8.3200000e+02  -5.2200000e+02   7.0000000e+01
  -7.8300000e+02  -8.9000000e+02   6.5000000e+01
  -8.5500000e+02  -5.5900000e+02   1.0700000e+02
  -9.5000000e+02  -6.0000000e+00   2.1600000e+02
  -7.6800000e+02   5.0100000e+02   8.1000000e+01
  -5.1800000e+02   1.0050000e+03  -1.0100000e+02
  -5.5500000e+02   8.5700000e+02  -2.0000000e+01
  -8.0000000e+02   5.3000000e+02   7.1000000e+01
  -9.9000000e+02  -3.2000000e+01   7.0000000e+01
  -9.6500000e+02  -2.3000000e+02   5.8000000e+01
  -9.3100000e+02  -6.0500000e+02   8.8000000e+01
  -9.4000000e+02  -6.7600000e+02   5.8000000e+01
  -9.6000000e+02  -8.1000000e+01   6.3000000e+01
  -8.7200000e+02   3.8500000e+02   4.8000000e+01
  -5.9800000e+02   7.6900000e+02  -1.6000000e+01
  -4.7900000e+02   9.7200000e+02   3.5000000e+01
  -6.8700000e+02   6.2700000e+02   9.1000000e+01
  -8.9400000e+02   2.0000000e+02   1.6300000e+02
  -9.9700000e+02  -1.0200000e+02   1.4900000e+02
  -9.3300000e+02  -4.3200000e+02   9.4000000e+01
  -9.3500000e+02  -6.3700000e+02   1.0100000e+02
  -9.4200000e+02  -3.5800000e+02   5.7000000e+01
  -9.5500000e+02   1.4800000e+02   1.4300000e+02
  -6.7500000e+02   7.3000000e+02  -1.9700000e+02
  -3.9700000e+02   8.7100000e+02  -2.5700000e+02
  -4.6400000e+02   9.2200000e+02  -1.1600000e+02
  -7.6000000e+02   6.5700000e+02  -5.3000000e+01
  -9.4100000e+02   2.2800000e+02  -2.0000000e+01
  -1.0070000e+03   9.0000000e+00   4.4000000e+01
  -1.0040000e+03  -2.0900000e+02   1.4300000e+02
  -1.0020000e+03  -4.6700000e+02   1.4300000e+02
  -9.9400000e+02  -1.9500000e+02   9.7000000e+01
  -9.5400000e+02   2.9700000e+02  -4.0000000e+00
  -7.1200000e+02   6.6100000e+02  -5.7000000e+01
  -5.4400000e+02   1.0670000e+03  -1.2500000e+02
  -5.6900000e+02   9.4200000e+02   1.4200000e+02
  -9.0100000e+02   2.1800000e+02   1.0800000e+02
  -9.4400000e+02  -1.8600000e+02   1.5500000e+02
  -9.2100000e+02  -5.5400000e+02   2.9900000e+02
  -8.8300000e+02  -5.1400000e+02   2.1800000e+02
  -9.7100000e+02   5.1000000e+01   2.4200000e+02
  -8.1200000e+02   5.4800000e+02  -1.9000000e+01
  -5.9400000e+02   7.5800000e+02  -2.2800000e+02
  -4.6200000e+02   1.0580000e+03  -1.0000000e+01
  -7.6500000e+02   5.1000000e+02   3.8000000e+01
  -9.8400000e+02   2.6000000e+01   2.2000000e+01
  -9.8800000e+02  -1.1400000e+02   9.0000000e+01
  -9.7800000e+02  -3.5500000e+02   1.4200000e+02
  -1.0050000e+03  -5.3200000e+02   2.2500000e+02
  -9.7100000e+02  -1.3000000e+02   1.2300000e+02
  -9.0700000e+02   2.8600000e+02   8.1000000e+01
  -5.6600000e+02   7.2500000e+02   2.5000000e+01
  -4.4100000e+02   1.0540000e+03   1.7000000e+02
  -7.6300000e+02   4.9000000e+02   2.0700000e+02
  -1.0090000e+03   4.5000000e+01   1.4400000e+02
  -9.5800000e+02  -3.1700000e+02  -1.5500000e+02
  -8.8200000e+02  -6.5000000e+02  -7.9000000e+01
  -9.2100000e+02  -6.6600000e+02  -6.9000000e+01
  -9.5200000e+02   9.0000000e+00   9.4000000e+01
  -8.2400000e+02   4.3300000e+02   1.8900000e+02
  -5.0400000e+02   9.0200000e+02  -7.7000000e+01
  -4.3000000e+02   9.9700000e+02  -1.5000000e+01
  -6.6700000e+02   6.4300000e+02   1.3500000e+02
  -9.8200000e+02  -9.0000000e+01   1.9100000e+02
  -9.4300000e+02  -3.3900000e+02   2.9400000e+02
  -9.1700000e+02  -6.1700000e+02   3.3800000e+02
  -9.1800000e+02  -4.4000000e+02   3.8600000e+02
  -9.5300000e+02  -1.1500000e+02   2.5300000e+02
  -8.6700000e+02   2.7700000e+02   1.0200000e+02
  -5.8200000e+02   8.3400000e+02   6.0000000e+01
  -4.0000000e+02   9.7400000e+02  -4.3000000e+01
  -5.4100000e+02   9.5200000e+02  -8.0000000e+00
  -8.0200000e+02   5.5900000e+02   1.2100000e+02
  -9.3400000e+02   1.9800000e+02   1.8500000e+02
  -9.3100000e+02  -3.1600000e+02   2.1500000e+02
  -9.1400000e+02  -6.2000000e+02   4.8800000e+02
  -9.2900000e+02  -4.1100000e+02   3.0000000e+02
  -9.1800000e+02  -1.6000000e+01   2.2000000e+02
  -6.8700000e+02   5.2000000e+02  -6.4000000e+01
  -2.6700000e+02   1.0290000e+03  -1.5100000e+02
  -1.8400000e+02   1.0970000e+03  -1.3000000e+01
