  -5.0000000e+02   7.6100000e+02   5.3200000e+02
  -5.3000000e+02   7.1000000e+02   6.8700000e+02
  -8.7200000e+02   2.2900000e+02   3.6200000e+02
  -1.0080000e+03  -3.4300000e+02   3.0000000e+00
  -9.5100000e+02  -1.8500000e+02   9.5000000e+01
  -7.9600000e+02   3.5600000e+02   5.0500000e+02
  -5.8300000e+02   6.4800000e+02   7.7600000e+02
  -7.4000000e+02   2.6900000e+02   5.2200000e+02
  -9.7700000e+02  -4.6700000e+02  -1.2200000e+02
  -9.0400000e+02  -3.2300000e+02   1.3800000e+02
  -6.3800000e+02   4.8800000e+02   6.0000000e+02
  -5.5300000e+02   7.1300000e+02   7.8400000e+02
  -8.1900000e+02   1.3400000e+02   4.1500000e+02
  -1.0240000e+03  -4.8600000e+02   5.8000000e+01
  -9.1900000e+02  -1.4200000e+02   2.1600000e+02
  -4.4000000e+02   5.8000000e+02   4.7500000e+02
  -4.2700000e+02   7.7700000e+02   7.2100000e+02
  -8.8300000e+02   2.0300000e+02   2.9700000e+02
  -1.0170000e+03  -2.2000000e+02  -7.2000000e+01
  -1.0240000e+03  -1.8300000e+02  -1.8000000e+01
  -8.3000000e+02   2.8600000e+02   3.2900000e+02
  -6.0300000e+02   6.2000000e+02   6.4500000e+02
  -7.2000000e+02   4.7400000e+02   5.5000000e+02
  -9.6100000e+02   3.8000000e+01   1.8300000e+02
  -1.0600000e+03  -5.2800000e+02  -4.7000000e+01
  -1.0600000e+03  -5.2800000e+02  -4.7000000e+01
  -9.3600000e+02   7.0000000e+00   2.4800000e+02
  -6.5900000e+02   5.5100000e+02   4.9800000e+02
  -6.5500000e+02   6.7000000e+02   6.3400000e+02
  -8.2000000e+02   1.8700000e+02   3.6000000e+02
  -1.0320000e+03  -3.1800000e+02   7.9000000e+01
  -9.6900000e+02  -1.8500000e+02   1.5000000e+02
  -8.1500000e+02   3.1000000e+02   4.0300000e+02
  -5.8200000e+02   7.6600000e+02   7.9900000e+02
  -7.6900000e+02   3.4600000e+02   5.1500000e+02
  -9.7500000e+02  -1.3500000e+02   1.1800000e+02
  -1.0740000e+03  -1.2700000e+02   1.8800000e+02
  -7.9900000e+02   2.6600000e+02   3.0200000e+02
  -5.7400000e+02   8.5000000e+02   6.2900000e+02
  -7.4200000e+02   3.9300000e+02   4.7500000e+02
  -9.9200000e+02  -7.0000000e+00   1.7000000e+02
  -1.0950000e+03  -3.8200000e+02   5.3000000e+01
  -9.0900000e+02   2.9000000e+01   2.1900000e+02
  -7.9300000e+02   4.5200000e+02   4.0800000e+02
  -7.6000000e+02   5.9000000e+02   6.0100000e+02
  -8.6300000e+02   1.3300000e+02   3.2200000e+02
  -1.0320000e+03  -3.3700000e+02   2.2900000e+02
  -1.0320000e+03  -3.3700000e+02   2.2900000e+02
  -9.4300000e+02  -2.5800000e+02   2.2100000e+02
  -7.1100000e+02   4.0800000e+02   5.1300000e+02
  -6.8900000e+02   4.6800000e+02   6.8600000e+02
  -9.2500000e+02  -2.2000000e+02   1.5300000e+02
  -1.0200000e+03  -4.0900000e+02   9.5000000e+01
  -8.5100000e+02   1.7900000e+02   3.2700000e+02
  -7.0700000e+02   5.7400000e+02   6.1400000e+02
  -8.3400000e+02   2.6200000e+02   4.9700000e+02
  -9.7000000e+02  -2.0900000e+02   1.4900000e+02
  -9.9000000e+02  -1.7100000e+02   2.0800000e+02
  -7.9800000e+02   3.3400000e+02   4.3900000e+02
  -6.8400000e+02   5.7400000e+02   6.7200000e+02
  -8.6000000e+02   7.7000000e+01   4.2200000e+02
  -9.5500000e+02  -3.2700000e+02   1.5300000e+02
  -9.6600000e+02  -3.7000000e+02   1.4000000e+02
  -8.6500000e+02   1.8600000e+02   4.5100000e+02
  -7.5600000e+02   4.9100000e+02   7.2200000e+02
  -8.5700000e+02   2.1000000e+01   3.7100000e+02
  -9.4200000e+02  -4.7000000e+02   3.1000000e+01
  -9.4100000e+02  -2.4500000e+02   2.6700000e+02
  -8.3300000e+02   2.9900000e+02   4.9600000e+02
  -8.3000000e+02   3.7000000e+02   5.5900000e+02
  -9.3400000e+02  -1.5100000e+02   2.3100000e+02
  -1.0630000e+03  -5.4800000e+02   2.7000000e+01
  -9.1800000e+02  -1.0600000e+02   1.9700000e+02
  -7.8300000e+02   4.9300000e+02   5.0800000e+02
  -7.7100000e+02   4.9800000e+02   5.2700000e+02
  -9.3300000e+02  -1.0200000e+02   2.8800000e+02
  -1.0180000e+03  -4.8200000e+02   5.1000000e+01
  -9.8800000e+02  -1.5400000e+02   2.0300000e+02
  -8.1800000e+02   3.1900000e+02   4.0300000e+02
  -6.4600000e+02   6.5600000e+02   6.1600000e+02
  -7.8400000e+02   3.1600000e+02   5.1400000e+02
  -9.5900000e+02  -1.8500000e+02   2.5500000e+02
  -9.9000000e+02  -3.1500000e+02   1.7700000e+02
  -7.3300000e+02   3.3500000e+02   5.3000000e+02
  -6.4700000e+02   5.7000000e+02   7.3100000e+02
  -8.7100000e+02   1.1200000e+02   3.9000000e+02
  -9.7700000e+02  -4.5200000e+02   9.3000000e+01
  -8.8100000e+02  -6.2000000e+01   2.9800000e+02
  -7.0100000e+02   5.4400000e+02   6.6600000e+02
  -8.4200000e+02   3.1100000e+02   5.7700000e+02
  -9.5000000e+02  -2.3100000e+02   1.9100000e+02
  -9.7800000e+02  -1.9500000e+02   1.8000000e+02
  -7.6500000e+02   3.9500000e+02   4.8100000e+02
  -8.2400000e+02   4.3300000e+02   5.3900000e+02
  -9.2100000e+02  -5.3000000e+01   2.3300000e+02
  -1.0960000e+03  -3.5700000e+02   1.2600000e+02
