  -8.8800000e+02   2.8400000e+02   4.3900000e+02
  -7.9000000e+02   4.7700000e+02   5.2800000e+02
  -7.9500000e+02   4.9900000e+02   5.5500000e+02
  -9.0400000e+02   1.0200000e+02   3.6800000e+02
  -9.9100000e+02  -3.2300000e+02   1.1500000e+02
  -9.8800000e+02  -2.8900000e+02   1.9600000e+02
  -9.3200000e+02   5.4000000e+01   3.4100000e+02
  -8.5000000e+02   2.9100000e+02   4.1000000e+02
  -7.4300000e+02   5.3600000e+02   4.8900000e+02
  -7.6000000e+02   4.4900000e+02   4.6300000e+02
  -9.5300000e+02   9.9000000e+01   3.3900000e+02
  -9.8900000e+02  -4.4700000e+02   2.5000000e+01
  -9.8500000e+02  -2.3100000e+02   1.4700000e+02
  -9.3000000e+02   9.0000000e+01   2.7400000e+02
  -8.0700000e+02   4.2200000e+02   4.4900000e+02
  -7.7100000e+02   5.2800000e+02   5.3600000e+02
  -8.2600000e+02   1.6900000e+02   2.3500000e+02
  -9.7600000e+02   9.0000000e+00   1.4700000e+02
  -1.0620000e+03  -2.5800000e+02   8.0000000e+00
  -1.0490000e+03  -1.1300000e+02   5.4000000e+01
  -9.2800000e+02   2.3700000e+02   2.4400000e+02
  -7.7700000e+02   5.2200000e+02   4.4800000e+02
  -8.1700000e+02   5.1000000e+02   4.9300000e+02
  -9.6100000e+02   3.4000000e+01   1.8500000e+02
  -1.0220000e+03  -3.7000000e+02  -4.8000000e+01
  -9.9900000e+02  -1.4400000e+02   8.4000000e+01
  -9.4200000e+02   2.2200000e+02   3.0100000e+02
  -8.1200000e+02   4.4000000e+02   5.3000000e+02
  -8.3100000e+02   4.0200000e+02   4.9900000e+02
  -9.4100000e+02   2.3000000e+01   2.6200000e+02
  -9.8500000e+02  -4.3100000e+02   5.8000000e+01
  -9.7000000e+02  -3.4200000e+02   8.8000000e+01
  -9.3900000e+02   2.1800000e+02   2.9600000e+02
  -7.9300000e+02   4.6000000e+02   4.4400000e+02
  -8.7900000e+02   3.7200000e+02   4.2100000e+02
  -9.4800000e+02   1.4100000e+02   2.0400000e+02
  -9.6800000e+02  -2.2400000e+02   3.4000000e+01
  -1.0010000e+03  -3.8700000e+02  -6.7000000e+01
  -9.7900000e+02  -1.5000000e+01   1.7100000e+02
  -9.0600000e+02   2.3900000e+02   2.7300000e+02
  -7.9600000e+02   5.2200000e+02   4.8500000e+02
  -8.4700000e+02   3.9000000e+02   4.2500000e+02
  -9.5100000e+02   4.7000000e+01   1.5900000e+02
  -1.0290000e+03  -4.0000000e+02  -5.7000000e+01
  -1.0010000e+03   1.5000000e+01   1.1800000e+02
  -9.3400000e+02   2.2200000e+02   2.7200000e+02
  -8.5600000e+02   5.1000000e+02   4.0600000e+02
  -9.1300000e+02   2.4700000e+02   2.8900000e+02
  -9.9900000e+02  -4.5000000e+01   1.9400000e+02
  -1.0130000e+03  -4.1600000e+02   1.4000000e+01
  -9.9400000e+02  -1.4600000e+02   1.6600000e+02
  -9.7500000e+02   2.1400000e+02   3.1700000e+02
  -8.3100000e+02   5.0500000e+02   4.0300000e+02
  -8.3100000e+02   4.2100000e+02   3.8100000e+02
  -9.8500000e+02   3.0000000e+00   1.2400000e+02
  -9.9300000e+02  -4.1600000e+02  -8.6000000e+01
  -9.8800000e+02  -2.6600000e+02   5.0000000e+00
  -9.9900000e+02   7.0000000e+01   2.1300000e+02
  -8.2400000e+02   5.2400000e+02   4.4700000e+02
  -8.6500000e+02   3.5800000e+02   4.1200000e+02
  -9.9500000e+02  -1.2900000e+02   1.1200000e+02
  -9.8500000e+02  -3.5900000e+02  -8.4000000e+01
  -9.6100000e+02  -1.1100000e+02   1.1400000e+02
  -8.4600000e+02   3.5600000e+02   3.3300000e+02
  -7.6000000e+02   6.1800000e+02   5.2200000e+02
  -8.7700000e+02   2.8900000e+02   3.1900000e+02
  -9.8000000e+02  -1.0000000e+00   1.3300000e+02
  -1.0420000e+03  -2.3600000e+02   8.0000000e+01
  -8.7100000e+02   1.3700000e+02   2.6100000e+02
  -7.6500000e+02   4.8300000e+02   5.0400000e+02
  -7.4800000e+02   5.5700000e+02   5.5000000e+02
  -9.0700000e+02   1.3000000e+02   3.2800000e+02
  -9.9300000e+02  -3.2700000e+02   9.7000000e+01
  -1.0000000e+03  -1.5600000e+02   2.4000000e+02
  -8.8300000e+02   3.0300000e+02   3.7200000e+02
  -7.1600000e+02   6.4000000e+02   6.2800000e+02
  -7.9100000e+02   3.6600000e+02   4.8400000e+02
  -9.6200000e+02   1.3000000e+01   2.6900000e+02
  -1.0020000e+03  -3.8900000e+02   1.0200000e+02
  -9.7700000e+02  -8.9000000e+01   2.6000000e+02
  -8.9300000e+02   2.7500000e+02   3.9700000e+02
  -7.6400000e+02   5.1300000e+02   5.4300000e+02
  -8.0900000e+02   3.4500000e+02   4.8500000e+02
  -9.9300000e+02  -3.5000000e+01   2.7100000e+02
  -9.4800000e+02  -5.0900000e+02  -8.0000000e+00
  -9.6200000e+02  -2.8700000e+02   1.9300000e+02
  -8.7700000e+02   1.8500000e+02   3.7100000e+02
  -7.9600000e+02   6.0000000e+02   5.5000000e+02
  -8.8300000e+02   2.8700000e+02   3.8200000e+02
  -9.8300000e+02  -5.6000000e+01   2.3300000e+02
  -1.0280000e+03  -3.4400000e+02   1.9000000e+02
  -9.5300000e+02   6.0000000e+00   2.9300000e+02
  -8.2300000e+02   3.2100000e+02   5.3000000e+02
  -7.7700000e+02   4.7200000e+02   5.7800000e+02
  -8.9200000e+02   1.7700000e+02   3.7600000e+02
  -9.9200000e+02  -1.6300000e+02   2.0800000e+02
