  -8.8900000e+02  -5.6100000e+02   2.1300000e+02
  -9.5500000e+02  -4.3400000e+02   1.8100000e+02
  -9.8500000e+02   3.2000000e+01   1.8700000e+02
  -8.6800000e+02   7.1100000e+02   8.5000000e+01
  -5.0100000e+02   8.2800000e+02  -2.9200000e+02
  -5.0900000e+02   8.4100000e+02  -1.6500000e+02
  -7.9600000e+02   4.5700000e+02   1.4100000e+02
  -9.6800000e+02  -4.4000000e+01   1.6900000e+02
  -9.1100000e+02  -3.7900000e+02   2.0400000e+02
  -8.7900000e+02  -6.8700000e+02   5.0500000e+02
  -9.2200000e+02  -3.0400000e+02   3.7800000e+02
  -9.2000000e+02   2.1000000e+01   2.2500000e+02
  -6.7400000e+02   6.2200000e+02  -2.0000000e+00
  -3.5300000e+02   1.0310000e+03  -3.4400000e+02
  -4.5900000e+02   8.9800000e+02  -1.6900000e+02
  -7.1400000e+02   6.7800000e+02   4.4000000e+01
  -9.4000000e+02   1.7800000e+02   1.7400000e+02
  -9.5300000e+02  -1.7400000e+02   2.8400000e+02
  -9.1800000e+02  -4.9100000e+02   3.7800000e+02
  -8.9600000e+02  -5.8700000e+02   2.5200000e+02
  -9.2400000e+02  -1.2000000e+02   2.6800000e+02
  -8.2000000e+02   3.7500000e+02   1.9600000e+02
  -4.9000000e+02   9.2300000e+02   1.5900000e+02
  -4.9100000e+02   9.3800000e+02   1.5200000e+02
  -7.4700000e+02   5.9200000e+02   1.4500000e+02
  -9.1200000e+02   1.2100000e+02   1.2000000e+02
  -9.3700000e+02  -2.7300000e+02   1.4700000e+02
  -8.8800000e+02  -5.7500000e+02   1.8500000e+02
  -9.3600000e+02  -4.5700000e+02   2.1200000e+02
  -9.8600000e+02  -1.6400000e+02   1.3100000e+02
  -8.7500000e+02   3.8700000e+02   4.4000000e+01
  -5.7000000e+02   8.8300000e+02  -4.9000000e+01
  -5.1900000e+02   9.7100000e+02  -2.0000000e+00
  -7.3300000e+02   6.4400000e+02   8.5000000e+01
  -9.1800000e+02   2.1900000e+02   7.5000000e+01
  -9.7400000e+02  -1.1100000e+02   1.6100000e+02
  -9.1300000e+02  -4.0500000e+02   2.5200000e+02
  -9.4200000e+02  -4.5900000e+02   3.0900000e+02
  -9.7000000e+02  -2.6000000e+01   1.9000000e+02
  -7.8300000e+02   5.3700000e+02   8.7000000e+01
  -7.8300000e+02   5.3700000e+02   8.7000000e+01
  -4.8800000e+02   9.1300000e+02   8.3000000e+01
  -7.9300000e+02   4.3500000e+02   1.1800000e+02
  -9.6900000e+02   1.0800000e+02   2.7200000e+02
  -9.4400000e+02  -1.4500000e+02   3.2200000e+02
  -9.3200000e+02  -4.3800000e+02   4.9600000e+02
  -9.3100000e+02  -3.1000000e+02   3.2200000e+02
  -9.4800000e+02   6.5000000e+01   2.0900000e+02
  -6.5500000e+02   6.4300000e+02   4.6000000e+01
  -5.5500000e+02   9.9800000e+02   2.9000000e+01
  -7.5100000e+02   7.1700000e+02   8.4000000e+01
  -9.0400000e+02   2.4500000e+02   1.0500000e+02
  -9.2800000e+02  -1.1900000e+02   2.3900000e+02
  -8.9200000e+02  -6.1900000e+02   3.6200000e+02
  -8.8100000e+02  -4.3900000e+02   3.5100000e+02
  -9.2900000e+02  -8.7000000e+01   2.1900000e+02
  -6.5500000e+02   6.8900000e+02   1.1500000e+02
  -6.5500000e+02   6.8900000e+02   1.1500000e+02
  -4.7900000e+02   8.4500000e+02   1.1800000e+02
  -8.5000000e+02   3.6300000e+02   1.3000000e+02
  -9.8300000e+02  -4.5000000e+01   3.0500000e+02
  -8.7500000e+02  -3.3700000e+02   3.8200000e+02
  -9.0000000e+02  -4.0100000e+02   4.6900000e+02
  -9.3500000e+02  -2.1600000e+02   3.4500000e+02
  -9.1200000e+02   6.7000000e+01   1.6700000e+02
  -6.2100000e+02   7.3700000e+02  -1.2100000e+02
  -6.2100000e+02   7.3700000e+02  -1.2100000e+02
  -5.5000000e+02   8.0200000e+02   5.6000000e+01
  -8.2800000e+02   4.2800000e+02   1.4400000e+02
  -9.4100000e+02  -2.1000000e+01   2.3800000e+02
  -9.5000000e+02  -5.8200000e+02   3.3100000e+02
  -9.2600000e+02  -4.5800000e+02   3.3900000e+02
  -9.3800000e+02  -1.6000000e+02   2.4000000e+02
  -9.0600000e+02   1.9600000e+02   1.0500000e+02
  -6.9800000e+02   7.1900000e+02  -4.2000000e+01
  -6.1600000e+02   8.7700000e+02   5.5000000e+01
  -7.6700000e+02   5.6500000e+02   1.4200000e+02
  -9.3700000e+02   2.3000000e+02   2.2600000e+02
  -9.6300000e+02  -1.1200000e+02   2.8000000e+02
  -9.4900000e+02  -4.0700000e+02   3.1700000e+02
  -9.5600000e+02  -3.5700000e+02   3.3800000e+02
  -9.7000000e+02  -1.8400000e+02   2.7700000e+02
  -9.6700000e+02   1.6000000e+02   2.1200000e+02
  -8.3700000e+02   4.3000000e+02   1.7100000e+02
  -6.0600000e+02   8.1200000e+02   6.0000000e+00
  -4.9400000e+02   1.0060000e+03   3.0000000e+00
  -6.6500000e+02   7.4500000e+02   2.1000000e+01
  -8.4800000e+02   3.3400000e+02   1.4900000e+02
  -9.7100000e+02  -1.1400000e+02   3.0100000e+02
  -9.6800000e+02  -4.0000000e+02   3.8700000e+02
  -9.7800000e+02  -1.7500000e+02   3.6000000e+02
  -9.6800000e+02   3.5000000e+01   2.4800000e+02
  -7.9900000e+02   5.5500000e+02   7.2000000e+01
  -6.1600000e+02   8.6600000e+02  -5.0000000e+00
  -7.1300000e+02   7.0800000e+02   5.8000000e+01
  -9.3000000e+02   2.4200000e+02   1.5200000e+02
