  -1.0380000e+03  -3.9800000e+02   1.3400000e+02
  -9.1400000e+02  -6.8000000e+01   3.0200000e+02
  -6.8900000e+02   5.1300000e+02   5.6700000e+02
  -6.7000000e+02   5.4400000e+02   6.1600000e+02
  -8.6700000e+02   3.0000000e+01   2.9900000e+02
  -1.0060000e+03  -6.2300000e+02   6.2000000e+01
  -9.3500000e+02  -2.2800000e+02   2.2500000e+02
  -8.1200000e+02   2.8900000e+02   5.3100000e+02
  -7.7100000e+02   3.6000000e+02   6.6000000e+02
  -9.3300000e+02  -3.9000000e+01   2.8500000e+02
  -9.8900000e+02  -4.2800000e+02   2.4000000e+01
  -9.7200000e+02  -2.9200000e+02   1.0600000e+02
  -9.3000000e+02   3.8000000e+01   3.8400000e+02
  -7.1400000e+02   4.6900000e+02   6.0900000e+02
  -7.9900000e+02   2.9400000e+02   5.2600000e+02
  -9.5900000e+02  -2.2800000e+02   2.6700000e+02
  -1.0040000e+03  -3.8500000e+02   1.8000000e+02
  -9.0100000e+02   9.4000000e+01   3.6900000e+02
  -7.0000000e+02   4.9700000e+02   5.6900000e+02
  -7.6100000e+02   4.1600000e+02   6.0000000e+02
  -9.1000000e+02   1.0000000e+00   3.8300000e+02
  -1.0040000e+03  -3.4000000e+02   1.4800000e+02
  -9.4800000e+02  -1.0800000e+02   3.2100000e+02
  -7.9400000e+02   3.2700000e+02   5.6100000e+02
  -7.0400000e+02   4.5100000e+02   6.7500000e+02
  -8.4100000e+02   1.4700000e+02   5.4400000e+02
  -9.4600000e+02  -2.5200000e+02   3.0100000e+02
  -9.6300000e+02  -2.0000000e+02   3.5600000e+02
  -8.2000000e+02   1.5800000e+02   5.0100000e+02
  -6.6200000e+02   6.3700000e+02   6.9200000e+02
  -7.4300000e+02   3.0400000e+02   5.8800000e+02
  -9.2500000e+02  -1.0400000e+02   3.2900000e+02
  -1.0150000e+03  -3.6200000e+02   2.4800000e+02
  -9.5700000e+02  -5.5000000e+01   3.5300000e+02
  -8.2000000e+02   1.9200000e+02   4.5800000e+02
  -7.2200000e+02   5.1100000e+02   6.8900000e+02
  -8.1300000e+02   2.5900000e+02   5.2200000e+02
  -9.2200000e+02  -1.1900000e+02   3.4600000e+02
  -9.8700000e+02  -3.9700000e+02   2.2600000e+02
  -9.3700000e+02  -6.7000000e+01   3.4900000e+02
  -8.2900000e+02   2.3800000e+02   5.1300000e+02
  -6.6600000e+02   5.4800000e+02   7.1400000e+02
  -7.7200000e+02   3.8700000e+02   5.8300000e+02
  -9.4200000e+02   2.9000000e+01   3.6300000e+02
  -9.7900000e+02  -1.5100000e+02   1.8100000e+02
  -1.0010000e+03  -1.5800000e+02   1.4600000e+02
  -9.1200000e+02   2.3400000e+02   3.1200000e+02
  -7.4600000e+02   5.0500000e+02   4.6400000e+02
  -7.5400000e+02   5.2300000e+02   5.0400000e+02
  -8.9700000e+02   2.7000000e+01   2.3300000e+02
  -1.0580000e+03  -3.4100000e+02   6.2000000e+01
  -9.8100000e+02  -5.4000000e+01   1.9900000e+02
  -8.7900000e+02   2.8900000e+02   3.0300000e+02
  -7.6500000e+02   5.4400000e+02   5.2000000e+02
  -7.9000000e+02   3.7100000e+02   4.4400000e+02
  -9.5500000e+02  -1.0700000e+02   2.7700000e+02
  -1.0290000e+03  -2.7300000e+02   2.5600000e+02
  -9.2500000e+02   6.8000000e+01   3.7700000e+02
  -6.5700000e+02   4.4700000e+02   4.9800000e+02
  -7.0900000e+02   4.7400000e+02   6.2300000e+02
  -9.0700000e+02   1.8000000e+02   4.0000000e+02
  -9.5400000e+02  -1.1200000e+02   1.6500000e+02
  -1.0430000e+03  -3.5500000e+02   1.1000000e+02
  -9.4200000e+02  -1.5000000e+01   2.3600000e+02
  -8.5000000e+02   3.4000000e+02   4.3400000e+02
  -7.8100000e+02   5.1100000e+02   5.0600000e+02
  -9.1800000e+02   1.4100000e+02   3.6600000e+02
  -1.0690000e+03  -2.5100000e+02   1.8600000e+02
  -9.7200000e+02   5.0000000e+00   2.7900000e+02
  -7.6000000e+02   3.6900000e+02   4.2500000e+02
  -6.2200000e+02   7.6100000e+02   5.8600000e+02
  -8.0300000e+02   4.0200000e+02   4.1100000e+02
  -9.6300000e+02   5.8000000e+01   2.6800000e+02
  -1.0190000e+03  -1.2300000e+02   2.2600000e+02
  -9.1900000e+02   1.4800000e+02   3.4000000e+02
  -7.4600000e+02   4.7500000e+02   5.1600000e+02
  -7.5900000e+02   4.9200000e+02   5.7500000e+02
  -9.0300000e+02   9.4000000e+01   3.4300000e+02
  -1.0080000e+03  -2.1500000e+02   1.3700000e+02
  -1.0040000e+03  -1.6200000e+02   2.1100000e+02
  -8.5200000e+02   2.8400000e+02   4.2200000e+02
  -7.3500000e+02   4.8400000e+02   5.7100000e+02
  -7.3600000e+02   4.7700000e+02   5.6800000e+02
  -8.9400000e+02  -9.9000000e+01   3.1100000e+02
  -1.0100000e+03  -4.3300000e+02   7.3000000e+01
  -9.6400000e+02  -7.4000000e+01   2.4800000e+02
  -8.2600000e+02   2.8900000e+02   5.0600000e+02
  -7.6500000e+02   4.8100000e+02   5.9800000e+02
  -8.7500000e+02   8.2000000e+01   3.7800000e+02
  -1.0490000e+03  -3.0700000e+02   1.8000000e+02
  -1.0490000e+03  -3.0700000e+02   1.8000000e+02
  -9.9100000e+02  -1.9600000e+02   2.1400000e+02
  -8.2300000e+02   2.1300000e+02   5.1500000e+02
  -7.1300000e+02   5.9200000e+02   7.2500000e+02
  -7.6300000e+02   3.7200000e+02   5.3600000e+02
  -9.2400000e+02  -2.0000000e+00   2.8000000e+02
