  -8.7100000e+02  -3.9500000e+02   3.7900000e+02
  -9.0600000e+02  -1.3100000e+02   4.0000000e+02
  -8.0600000e+02   4.3600000e+02   3.1400000e+02
  -5.9300000e+02   9.1500000e+02   3.1300000e+02
  -5.7700000e+02   7.2100000e+02   3.1700000e+02
  -7.4100000e+02   3.7900000e+02   3.6700000e+02
  -1.0050000e+03  -1.1300000e+02   3.3700000e+02
  -1.0100000e+03  -4.2200000e+02   4.3300000e+02
  -8.6100000e+02  -1.2700000e+02   2.8100000e+02
  -8.7100000e+02   2.7500000e+02   2.2100000e+02
  -5.8300000e+02   7.7300000e+02   2.8700000e+02
  -5.8300000e+02   7.7300000e+02   2.8700000e+02
  -5.9200000e+02   6.7900000e+02   2.9000000e+02
  -8.7400000e+02   2.1800000e+02   4.2000000e+02
  -9.4300000e+02  -6.8000000e+01   4.7100000e+02
  -9.3300000e+02  -2.8700000e+02   4.6800000e+02
  -9.0600000e+02  -2.8000000e+02   5.3700000e+02
  -8.8100000e+02  -4.4000000e+01   5.2000000e+02
  -8.3600000e+02   2.5600000e+02   5.2800000e+02
  -6.9900000e+02   5.8400000e+02   3.4200000e+02
  -7.0600000e+02   6.9100000e+02   3.9200000e+02
  -8.2900000e+02   3.6800000e+02   4.1000000e+02
  -9.5000000e+02  -9.7000000e+01   4.5000000e+02
  -9.3800000e+02  -3.4200000e+02   3.0400000e+02
  -9.6000000e+02  -3.5600000e+02   3.2500000e+02
  -9.4900000e+02   3.5000000e+01   4.4200000e+02
  -8.5300000e+02   3.2300000e+02   4.2900000e+02
  -6.4200000e+02   6.8700000e+02   3.2900000e+02
  -4.6400000e+02   9.8700000e+02   2.7000000e+02
  -5.7400000e+02   8.1100000e+02   2.6100000e+02
  -7.9100000e+02   4.7600000e+02   2.6000000e+02
  -9.4200000e+02   1.3900000e+02   3.6500000e+02
  -8.8000000e+02  -1.4100000e+02   4.5200000e+02
  -9.0700000e+02  -4.7000000e+02   4.3000000e+02
  -9.0600000e+02  -2.1300000e+02   4.5800000e+02
  -8.6800000e+02   8.0000000e+00   2.9500000e+02
  -7.5800000e+02   5.1700000e+02   3.8800000e+02
  -4.5200000e+02   9.2900000e+02   2.0300000e+02
  -5.3900000e+02   8.3400000e+02   2.5800000e+02
  -7.9100000e+02   4.9500000e+02   3.3500000e+02
  -8.7600000e+02   1.6100000e+02   3.2800000e+02
  -9.0000000e+02  -2.8300000e+02   3.7300000e+02
  -9.4400000e+02  -5.3700000e+02   5.0800000e+02
  -8.8700000e+02  -2.8200000e+02   3.4600000e+02
  -8.8300000e+02   1.5200000e+02   2.4400000e+02
  -7.9900000e+02   4.2800000e+02   1.5100000e+02
  -5.7500000e+02   9.2700000e+02   8.9000000e+01
  -5.3400000e+02   8.3900000e+02   1.5000000e+01
  -8.3300000e+02   5.7200000e+02   1.7600000e+02
  -9.2900000e+02   1.0800000e+02   3.1300000e+02
  -9.9800000e+02  -3.0600000e+02   4.2200000e+02
  -9.4500000e+02  -3.1700000e+02   5.3500000e+02
  -9.3100000e+02  -1.9700000e+02   4.1800000e+02
  -8.7000000e+02   3.3000000e+01   4.9700000e+02
  -8.5100000e+02   3.2100000e+02   4.3100000e+02
  -6.2800000e+02   7.3900000e+02   2.2600000e+02
  -4.2500000e+02   1.0180000e+03   2.2900000e+02
  -6.4400000e+02   6.3700000e+02   2.4400000e+02
  -8.4200000e+02   2.4300000e+02   4.0100000e+02
  -9.0500000e+02  -1.5700000e+02   3.9400000e+02
  -8.7500000e+02  -4.2200000e+02   4.9400000e+02
  -8.6900000e+02  -4.0200000e+02   4.8600000e+02
  -9.0200000e+02  -1.1400000e+02   4.7300000e+02
  -9.0000000e+02   2.6100000e+02   4.5800000e+02
  -7.3400000e+02   5.6500000e+02   3.3800000e+02
  -5.6900000e+02   8.6900000e+02   2.8000000e+02
  -5.7900000e+02   7.9900000e+02   3.4300000e+02
  -8.0500000e+02   3.1400000e+02   2.9800000e+02
  -8.8100000e+02  -1.1800000e+02   3.3000000e+02
  -8.6700000e+02  -4.4400000e+02   4.6800000e+02
  -8.7800000e+02  -4.4500000e+02   6.2900000e+02
  -9.1600000e+02   1.5400000e+02   4.2000000e+02
  -7.2100000e+02   4.5900000e+02   2.0500000e+02
  -7.2100000e+02   4.5900000e+02   2.0500000e+02
  -3.7000000e+02   9.9400000e+02   1.1600000e+02
  -7.4300000e+02   5.3500000e+02  -9.0000000e+00
  -9.6800000e+02  -5.7000000e+01   6.9000000e+01
  -9.5900000e+02  -2.4000000e+02   2.4800000e+02
  -9.1800000e+02  -5.1900000e+02   2.4700000e+02
  -8.6200000e+02  -1.9800000e+02   1.3400000e+02
  -9.2900000e+02   4.1400000e+02   2.0800000e+02
  -6.5800000e+02   7.5400000e+02   2.3700000e+02
  -7.3800000e+02   7.0800000e+02   4.3000000e+02
  -7.0100000e+02   1.0100000e+02   2.7400000e+02
  -8.6300000e+02  -2.1500000e+02   4.0600000e+02
  -8.3700000e+02  -7.1400000e+02   5.3700000e+02
  -8.0100000e+02  -3.0200000e+02   4.1900000e+02
  -9.1500000e+02  -8.0000000e+00   5.0000000e+02
  -8.9000000e+02   1.8700000e+02   3.2700000e+02
  -7.2400000e+02   5.7600000e+02   2.6500000e+02
  -4.9700000e+02   9.4200000e+02   2.9200000e+02
  -5.7700000e+02   8.4600000e+02   2.6800000e+02
  -8.4800000e+02   3.9700000e+02   3.0900000e+02
  -8.9200000e+02  -1.0500000e+02   2.3100000e+02
  -8.8700000e+02  -6.7100000e+02   3.7800000e+02
  -8.8600000e+02  -5.8200000e+02   3.4700000e+02
