  -9.1800000e+02   1.1500000e+02   2.8800000e+02
  -7.4400000e+02   4.5900000e+02   4.7400000e+02
  -7.0200000e+02   5.9700000e+02   5.9800000e+02
  -8.9900000e+02   1.3700000e+02   3.6100000e+02
  -1.0510000e+03  -3.2100000e+02   3.6000000e+01
  -9.6600000e+02  -1.3600000e+02   2.0100000e+02
  -8.8000000e+02   2.3800000e+02   3.2600000e+02
  -8.3300000e+02   4.8900000e+02   5.0100000e+02
  -8.4800000e+02   3.4300000e+02   4.5400000e+02
  -1.0110000e+03  -1.9500000e+02   1.4200000e+02
  -9.9400000e+02  -3.3900000e+02   3.6000000e+01
  -9.0200000e+02   1.2600000e+02   3.1800000e+02
  -7.6500000e+02   5.2500000e+02   6.5400000e+02
  -8.3200000e+02   3.5100000e+02   4.7300000e+02
  -9.4200000e+02  -7.3000000e+01   2.3100000e+02
  -1.0790000e+03  -4.1500000e+02   9.3000000e+01
  -9.0600000e+02   9.3000000e+01   2.7400000e+02
  -8.0600000e+02   3.9100000e+02   4.5700000e+02
  -7.5000000e+02   5.1300000e+02   5.4000000e+02
  -9.2000000e+02   1.6600000e+02   3.1700000e+02
  -1.0020000e+03  -1.7900000e+02   8.2000000e+01
  -1.0190000e+03  -2.0200000e+02   1.4100000e+02
  -8.9700000e+02   2.1500000e+02   3.3700000e+02
  -7.1700000e+02   6.2400000e+02   6.1600000e+02
  -7.9400000e+02   4.0600000e+02   4.7500000e+02
  -9.3600000e+02   9.8000000e+01   3.0800000e+02
  -1.0350000e+03  -2.1500000e+02   1.6400000e+02
  -9.3700000e+02   7.7000000e+01   2.7600000e+02
  -7.4500000e+02   5.6600000e+02   4.6800000e+02
  -7.3500000e+02   5.4500000e+02   5.1900000e+02
  -9.0500000e+02   1.4800000e+02   3.3000000e+02
  -1.0320000e+03  -2.2500000e+02   1.4300000e+02
  -9.8300000e+02  -1.8600000e+02   1.8200000e+02
  -8.3300000e+02   2.5800000e+02   3.7800000e+02
  -7.6400000e+02   5.5800000e+02   6.7100000e+02
  -8.6600000e+02   1.6300000e+02   4.5500000e+02
  -9.7600000e+02  -2.1700000e+02   2.2900000e+02
  -9.9200000e+02  -2.3400000e+02   2.3100000e+02
  -9.2800000e+02   4.0000000e+01   3.3200000e+02
  -7.6800000e+02   4.0000000e+02   5.2000000e+02
  -7.5400000e+02   4.8200000e+02   6.5300000e+02
  -8.7300000e+02   2.0600000e+02   3.9900000e+02
  -9.9600000e+02  -2.6600000e+02   2.0000000e+02
  -9.8700000e+02  -2.8200000e+02   2.3300000e+02
  -9.2000000e+02   5.1000000e+01   3.5500000e+02
  -7.7900000e+02   3.5200000e+02   5.5600000e+02
  -7.6500000e+02   3.5800000e+02   5.7200000e+02
  -8.8300000e+02  -4.9000000e+01   3.4800000e+02
  -9.9300000e+02  -3.2500000e+02   2.0600000e+02
  -9.4700000e+02  -8.8000000e+01   3.4000000e+02
  -8.6300000e+02   1.4100000e+02   4.5700000e+02
  -7.6200000e+02   4.6400000e+02   6.7900000e+02
  -7.9200000e+02   2.5400000e+02   5.3800000e+02
  -9.4500000e+02  -3.5000000e+01   3.4100000e+02
  -1.0620000e+03  -1.9000000e+02   3.9900000e+02
  -9.3500000e+02  -3.3000000e+01   3.1300000e+02
  -7.2900000e+02   4.1400000e+02   4.4400000e+02
  -6.8200000e+02   5.8300000e+02   6.8300000e+02
  -9.0700000e+02   1.3900000e+02   3.1400000e+02
  -1.0160000e+03  -3.0400000e+02   3.8000000e+01
  -1.0080000e+03  -2.4200000e+02   9.7000000e+01
  -9.2000000e+02   1.0700000e+02   3.4300000e+02
  -7.8500000e+02   4.4800000e+02   5.5200000e+02
  -7.5400000e+02   4.6100000e+02   5.7700000e+02
  -9.3400000e+02  -1.0000000e+02   3.1100000e+02
  -1.0670000e+03  -2.5900000e+02   2.0300000e+02
  -9.3800000e+02   4.0000000e+00   2.9000000e+02
  -7.2200000e+02   3.7300000e+02   5.2800000e+02
  -6.7200000e+02   5.0100000e+02   6.4000000e+02
  -8.7900000e+02   1.7500000e+02   4.5500000e+02
  -9.5500000e+02  -8.5000000e+01   2.1300000e+02
  -1.0230000e+03  -1.7000000e+02   1.6700000e+02
  -9.4200000e+02   1.0100000e+02   2.8700000e+02
  -7.9200000e+02   3.9400000e+02   5.5400000e+02
  -7.5800000e+02   4.6100000e+02   5.9000000e+02
  -9.2700000e+02   7.8000000e+01   3.5300000e+02
  -1.0060000e+03  -1.3100000e+02   1.8300000e+02
  -9.6300000e+02  -4.0000000e+01   2.1700000e+02
  -9.0500000e+02   2.5900000e+02   3.6200000e+02
  -6.0800000e+02   7.4700000e+02   6.3000000e+02
  -7.5700000e+02   4.5800000e+02   4.7800000e+02
  -9.7000000e+02   3.0000000e+00   2.5000000e+02
  -1.0340000e+03  -3.1200000e+02   8.0000000e+01
  -9.5100000e+02   7.6000000e+01   3.2700000e+02
  -7.9000000e+02   4.5100000e+02   4.7700000e+02
  -6.4900000e+02   6.8500000e+02   6.0500000e+02
  -8.4800000e+02   2.4000000e+02   3.9100000e+02
  -1.0520000e+03  -3.1900000e+02   1.6000000e+02
  -9.8500000e+02  -1.4300000e+02   1.8800000e+02
  -8.4500000e+02   2.4500000e+02   3.8500000e+02
  -7.1200000e+02   6.6500000e+02   6.0300000e+02
  -8.1100000e+02   3.0300000e+02   4.5000000e+02
  -1.0120000e+03  -9.5000000e+01   2.5100000e+02
  -1.0000000e+03  -1.0800000e+02   2.3400000e+02
  -8.4200000e+02   1.0100000e+02   3.1500000e+02
  -7.0000000e+02   6.2000000e+02   6.9100000e+02
