  -8.3400000e+02  -2.9300000e+02   4.8400000e+02
  -7.3300000e+02  -6.7100000e+02   6.1000000e+02
  -7.2700000e+02  -5.1400000e+02   6.2100000e+02
  -8.1200000e+02   1.1000000e+02   5.0800000e+02
  -7.8500000e+02   4.8800000e+02   2.5500000e+02
  -3.9600000e+02   8.3000000e+02  -8.1000000e+01
  -3.9600000e+02   8.3000000e+02  -8.1000000e+01
  -6.2500000e+02   6.7100000e+02   7.6000000e+01
  -8.0900000e+02   2.7700000e+02   4.0700000e+02
  -6.8700000e+02  -2.6500000e+02   4.8900000e+02
  -6.2200000e+02  -7.2200000e+02   9.0300000e+02
  -5.2500000e+02  -7.5100000e+02   5.6300000e+02
  -7.7700000e+02  -7.9000000e+01   4.8800000e+02
  -8.5100000e+02   1.2900000e+02   1.6600000e+02
  -7.6400000e+02   4.8300000e+02   1.7900000e+02
  -7.6400000e+02   4.8300000e+02   1.7900000e+02
  -6.8100000e+02   4.7800000e+02   3.0100000e+02
  -8.5900000e+02  -2.0800000e+02   1.5800000e+02
  -5.2400000e+02  -4.5600000e+02   4.1200000e+02
  -5.2400000e+02  -4.5600000e+02   4.1200000e+02
  -5.8500000e+02  -7.3400000e+02   4.3600000e+02
  -7.9700000e+02  -5.4400000e+02   3.1600000e+02
  -9.3400000e+02  -6.3000000e+01   2.0700000e+02
  -8.4700000e+02   3.0900000e+02   2.1300000e+02
  -6.7000000e+02   8.8200000e+02   4.0000000e+01
  -6.5900000e+02   8.7900000e+02   2.9000000e+01
  -8.7700000e+02   3.5100000e+02   1.4700000e+02
  -9.0500000e+02  -1.0700000e+02   3.2400000e+02
  -7.7100000e+02  -4.4700000e+02   5.2700000e+02
  -7.1800000e+02  -6.0400000e+02   7.7400000e+02
  -8.1900000e+02  -3.5000000e+02   5.4300000e+02
  -8.3800000e+02   2.5900000e+02   3.6500000e+02
  -6.0600000e+02   6.4400000e+02  -6.6000000e+01
  -3.8400000e+02   1.0660000e+03  -1.9500000e+02
  -5.7900000e+02   8.1000000e+02  -1.1600000e+02
  -8.6000000e+02   4.1700000e+02   2.6600000e+02
  -8.9300000e+02  -1.4800000e+02   4.2700000e+02
  -8.2100000e+02  -5.5600000e+02   5.2900000e+02
  -8.3700000e+02  -6.7400000e+02   5.2700000e+02
  -9.2100000e+02   1.3000000e+01   3.5000000e+02
  -7.1400000e+02   5.2300000e+02   2.1800000e+02
  -3.0100000e+02   1.0270000e+03   2.4100000e+02
  -3.0100000e+02   1.0270000e+03   2.4100000e+02
  -6.4000000e+02   6.3600000e+02   1.9300000e+02
  -8.2700000e+02   2.3200000e+02   3.2000000e+02
  -8.2200000e+02  -4.3900000e+02   3.5800000e+02
  -8.4700000e+02  -8.1700000e+02   4.9200000e+02
  -8.7900000e+02  -3.1900000e+02   3.9300000e+02
  -9.0200000e+02   1.3300000e+02   4.2800000e+02
  -7.0200000e+02   4.5300000e+02   1.8500000e+02
  -4.4600000e+02   9.5300000e+02   8.0000000e+01
  -4.3500000e+02   8.9100000e+02   7.6000000e+01
  -7.0000000e+02   4.5600000e+02   3.3700000e+02
  -8.2800000e+02  -6.6000000e+01   3.9800000e+02
  -7.9100000e+02  -5.2500000e+02   4.9400000e+02
  -7.5600000e+02  -7.4900000e+02   6.2300000e+02
  -8.1900000e+02  -2.7300000e+02   5.9400000e+02
  -8.3600000e+02   1.6000000e+02   3.2300000e+02
  -6.0000000e+02   6.0900000e+02   7.9000000e+01
  -6.0000000e+02   6.0900000e+02   7.9000000e+01
  -3.7700000e+02   9.7300000e+02   1.4300000e+02
  -7.1400000e+02   5.2200000e+02   2.5100000e+02
  -9.1600000e+02   2.0600000e+02   3.9500000e+02
  -9.6800000e+02  -6.3000000e+01   3.2700000e+02
  -9.0100000e+02  -4.3600000e+02   3.7700000e+02
  -8.4600000e+02  -6.4000000e+02   4.7000000e+02
  -8.7800000e+02  -1.6200000e+02   4.3700000e+02
  -9.1500000e+02   1.7900000e+02   3.6800000e+02
  -6.6200000e+02   6.1100000e+02   1.8600000e+02
  -2.0000000e+02   1.0610000e+03   4.0000000e+00
  -2.0000000e+02   1.0610000e+03   4.0000000e+00
  -5.7900000e+02   7.0900000e+02   2.5000000e+02
  -8.9800000e+02   2.6900000e+02   2.7900000e+02
  -9.2800000e+02  -2.8100000e+02   3.9800000e+02
  -8.3900000e+02  -6.4900000e+02   6.5500000e+02
  -8.2100000e+02  -4.5000000e+02   6.1200000e+02
  -8.7300000e+02   1.3000000e+01   4.3300000e+02
  -7.6500000e+02   5.6900000e+02   3.2400000e+02
  -7.6500000e+02   5.6900000e+02   3.2400000e+02
  -3.7800000e+02   9.8000000e+02   2.8200000e+02
  -7.7400000e+02   4.8900000e+02   3.1400000e+02
  -9.6500000e+02   1.7000000e+02   2.7600000e+02
  -1.0160000e+03  -6.2000000e+01   3.6300000e+02
  -9.4500000e+02  -6.2000000e+02   4.6200000e+02
  -1.0010000e+03  -3.6200000e+02   3.9800000e+02
  -8.4000000e+02   2.4500000e+02   3.3000000e+02
  -7.9500000e+02   5.4500000e+02   2.6200000e+02
  -4.9800000e+02   9.8100000e+02   2.7800000e+02
  -5.4300000e+02   8.8200000e+02   3.0500000e+02
  -7.6900000e+02   2.4500000e+02   3.7000000e+02
  -8.6600000e+02  -3.1300000e+02   2.9000000e+02
  -7.8900000e+02  -7.3500000e+02   3.0400000e+02
  -8.3300000e+02  -7.3100000e+02   4.9500000e+02
  -9.0500000e+02  -8.7000000e+01   3.9500000e+02
  -8.4600000e+02  -1.4000000e+01   2.0000000e+02
  -8.6000000e+02   5.7700000e+02   3.3600000e+02
