  -1.0360000e+03  -3.5700000e+02   2.7200000e+02
  -9.0200000e+02   1.4800000e+02   3.4600000e+02
  -6.3900000e+02   5.3900000e+02   6.2400000e+02
  -6.8000000e+02   5.3000000e+02   6.0900000e+02
  -8.7600000e+02   2.1200000e+02   4.0400000e+02
  -1.0080000e+03  -3.2500000e+02   1.8700000e+02
  -9.7800000e+02  -1.4200000e+02   2.2000000e+02
  -8.7400000e+02   2.3100000e+02   3.9800000e+02
  -7.0100000e+02   6.0400000e+02   5.8000000e+02
  -7.5700000e+02   4.0600000e+02   4.8700000e+02
  -9.6900000e+02  -5.8000000e+01   2.4500000e+02
  -1.0740000e+03  -4.6300000e+02   5.0000000e+00
  -9.0300000e+02   2.9000000e+01   2.5800000e+02
  -8.0300000e+02   4.1700000e+02   4.4400000e+02
  -7.1400000e+02   5.9800000e+02   5.7400000e+02
  -8.0300000e+02   4.0700000e+02   4.6400000e+02
  -9.5400000e+02  -9.2000000e+01   2.4800000e+02
  -1.0320000e+03  -3.7500000e+02   1.3200000e+02
  -9.3100000e+02  -1.0000000e+01   2.4100000e+02
  -8.3500000e+02   3.4600000e+02   4.8200000e+02
  -7.5300000e+02   5.1200000e+02   5.9500000e+02
  -9.0700000e+02   1.5900000e+02   3.4500000e+02
  -9.4100000e+02  -2.1200000e+02   1.4700000e+02
  -1.0110000e+03  -4.6400000e+02   4.9000000e+01
  -9.7500000e+02  -1.5900000e+02   1.9400000e+02
  -8.8500000e+02   2.3400000e+02   4.1600000e+02
  -7.8800000e+02   5.1000000e+02   5.8400000e+02
  -8.7100000e+02   2.5000000e+02   4.5400000e+02
  -9.5600000e+02  -1.9000000e+02   2.7700000e+02
  -1.0210000e+03  -4.7900000e+02   1.1700000e+02
  -1.0210000e+03  -4.7900000e+02   1.1700000e+02
  -9.5300000e+02  -5.8000000e+01   3.1900000e+02
  -8.2000000e+02   3.5100000e+02   5.1000000e+02
  -6.8000000e+02   5.4700000e+02   6.4700000e+02
  -7.0700000e+02   4.5100000e+02   5.6000000e+02
  -9.3500000e+02  -1.0000000e+01   3.3900000e+02
  -1.0480000e+03  -4.2700000e+02   1.6000000e+02
  -9.4400000e+02  -5.3000000e+01   3.0800000e+02
  -7.1600000e+02   3.2300000e+02   5.5700000e+02
  -6.7100000e+02   5.4400000e+02   7.0500000e+02
  -7.8500000e+02   3.5900000e+02   5.4200000e+02
  -9.4300000e+02  -9.8000000e+01   2.4100000e+02
  -1.0310000e+03  -2.4300000e+02   1.9400000e+02
  -8.9600000e+02   1.7300000e+02   3.9500000e+02
  -7.0900000e+02   5.2600000e+02   5.6500000e+02
  -6.5300000e+02   5.8700000e+02   6.2900000e+02
  -8.2100000e+02   3.2500000e+02   5.1700000e+02
  -9.9500000e+02  -1.6400000e+02   2.2500000e+02
  -1.0050000e+03  -2.6900000e+02   1.3800000e+02
  -8.7800000e+02   1.8100000e+02   3.3000000e+02
  -7.1200000e+02   5.4600000e+02   5.7600000e+02
  -6.8200000e+02   5.5000000e+02   6.2900000e+02
  -8.7900000e+02   1.1700000e+02   4.0300000e+02
  -1.0450000e+03  -3.6900000e+02   1.2500000e+02
  -9.4600000e+02  -1.1300000e+02   2.3500000e+02
  -8.4800000e+02   3.0600000e+02   4.5600000e+02
  -7.0200000e+02   4.8800000e+02   5.0200000e+02
  -6.9700000e+02   5.0000000e+02   5.9800000e+02
  -9.0300000e+02   1.4000000e+02   4.4400000e+02
  -1.0440000e+03  -2.8500000e+02   1.8900000e+02
  -9.4500000e+02  -8.6000000e+01   2.6000000e+02
  -8.7400000e+02   2.6700000e+02   3.9500000e+02
  -7.0700000e+02   5.0900000e+02   5.2400000e+02
  -6.2300000e+02   6.0500000e+02   5.8800000e+02
  -8.6600000e+02   3.1000000e+02   5.1600000e+02
  -9.6800000e+02  -7.7000000e+01   2.6200000e+02
  -9.7600000e+02  -1.1500000e+02   2.1500000e+02
  -8.6200000e+02   2.4500000e+02   4.3500000e+02
  -6.8700000e+02   4.4500000e+02   5.1900000e+02
  -6.6100000e+02   6.1300000e+02   6.4200000e+02
  -7.9300000e+02   3.6500000e+02   5.4000000e+02
  -9.4900000e+02   3.1000000e+01   2.9200000e+02
  -1.0590000e+03  -2.6500000e+02   1.6200000e+02
  -9.1800000e+02   1.2400000e+02   3.0200000e+02
  -7.7200000e+02   4.5900000e+02   5.6200000e+02
  -6.4600000e+02   6.7900000e+02   6.8800000e+02
  -7.1900000e+02   4.5500000e+02   4.9700000e+02
  -9.5200000e+02   6.3000000e+01   3.0400000e+02
  -1.0660000e+03  -2.9300000e+02   1.5800000e+02
  -9.7700000e+02  -1.7000000e+01   2.1900000e+02
  -8.4200000e+02   2.6900000e+02   4.2400000e+02
  -6.3400000e+02   6.8000000e+02   6.7800000e+02
  -8.5800000e+02   2.1800000e+02   5.2500000e+02
  -9.6800000e+02  -1.5000000e+01   3.0700000e+02
  -1.0160000e+03  -2.3000000e+02   2.1800000e+02
  -9.3500000e+02   4.0000000e+01   3.1700000e+02
  -7.5500000e+02   4.3900000e+02   4.9100000e+02
  -7.0800000e+02   5.9100000e+02   6.6000000e+02
  -7.3200000e+02   3.5600000e+02   5.4000000e+02
  -9.6600000e+02  -4.3000000e+01   2.3000000e+02
  -1.0610000e+03  -2.5900000e+02   8.4000000e+01
  -8.7600000e+02   2.7000000e+01   2.8300000e+02
  -7.4900000e+02   4.6700000e+02   5.2300000e+02
  -7.2000000e+02   4.5700000e+02   5.3800000e+02
  -9.2600000e+02   1.1600000e+02   3.7300000e+02
  -9.9800000e+02  -8.4000000e+01   1.8800000e+02
