  -8.3300000e+02   4.4000000e+02   5.1900000e+02
  -8.9100000e+02  -2.0200000e+02   3.2300000e+02
  -1.0290000e+03  -4.3700000e+02   3.1000000e+01
  -9.4500000e+02  -2.2000000e+01   2.2800000e+02
  -8.0700000e+02   4.2000000e+02   3.7300000e+02
  -6.5900000e+02   7.3600000e+02   5.0500000e+02
  -8.1500000e+02   3.7000000e+02   4.5300000e+02
  -9.2400000e+02  -1.5000000e+01   2.6700000e+02
  -9.9500000e+02  -4.6100000e+02   1.5700000e+02
  -9.9100000e+02  -2.3400000e+02   2.5600000e+02
  -8.4100000e+02   3.3800000e+02   3.7900000e+02
  -6.2400000e+02   7.9600000e+02   4.7100000e+02
  -7.1800000e+02   6.1500000e+02   4.3300000e+02
  -9.4300000e+02   3.5000000e+01   2.5400000e+02
  -1.0310000e+03  -3.5200000e+02   9.1000000e+01
  -1.0030000e+03  -2.2300000e+02   1.3200000e+02
  -8.6500000e+02   2.0200000e+02   2.8800000e+02
  -7.3500000e+02   5.3700000e+02   4.1200000e+02
  -6.9300000e+02   6.9700000e+02   4.9300000e+02
  -8.3300000e+02   2.9000000e+02   4.1800000e+02
  -9.7200000e+02  -1.3500000e+02   2.1400000e+02
  -9.7900000e+02  -3.1300000e+02   1.3800000e+02
  -8.9600000e+02   1.8300000e+02   2.9500000e+02
  -7.4200000e+02   6.3700000e+02   4.1200000e+02
  -6.4600000e+02   7.3000000e+02   4.7300000e+02
  -8.7600000e+02   2.4100000e+02   4.0200000e+02
  -9.8000000e+02  -1.4900000e+02   2.3000000e+02
  -1.0430000e+03  -3.1600000e+02   2.0000000e+02
  -8.4700000e+02   9.6000000e+01   2.6700000e+02
  -7.7400000e+02   4.5700000e+02   4.6000000e+02
  -7.2600000e+02   6.8100000e+02   5.7600000e+02
  -8.4200000e+02   1.9000000e+02   3.2800000e+02
  -9.5200000e+02  -1.8000000e+02   3.1500000e+02
  -9.7900000e+02  -3.6500000e+02   2.0700000e+02
  -9.3000000e+02   5.2000000e+01   4.0200000e+02
  -7.1200000e+02   4.8200000e+02   5.6300000e+02
  -7.0200000e+02   4.8200000e+02   5.9200000e+02
  -9.1400000e+02   1.4500000e+02   4.1400000e+02
  -9.5400000e+02  -1.4700000e+02   2.6300000e+02
  -9.1100000e+02  -5.3200000e+02   1.1700000e+02
  -9.5900000e+02  -1.2200000e+02   2.9200000e+02
  -8.5700000e+02   2.8700000e+02   3.6100000e+02
  -8.4600000e+02   5.1700000e+02   4.9300000e+02
  -9.1500000e+02   7.2000000e+01   3.4500000e+02
  -1.0170000e+03  -1.9600000e+02   1.5500000e+02
  -1.0290000e+03  -3.7500000e+02   1.2500000e+02
  -9.6100000e+02   5.0000000e+01   3.0500000e+02
  -8.0900000e+02   4.2000000e+02   4.0800000e+02
  -7.4900000e+02   5.5400000e+02   5.1900000e+02
  -9.4500000e+02   1.9100000e+02   4.0800000e+02
  -9.7200000e+02  -1.8900000e+02   1.5100000e+02
  -1.0080000e+03  -3.5700000e+02   1.4200000e+02
  -9.6700000e+02  -3.8000000e+01   2.6800000e+02
  -8.3800000e+02   2.7200000e+02   4.6500000e+02
  -8.0500000e+02   4.8700000e+02   5.2100000e+02
  -9.3400000e+02   1.6800000e+02   4.0800000e+02
  -9.6600000e+02  -3.7000000e+01   2.9000000e+02
  -9.9600000e+02  -3.6200000e+02   1.6900000e+02
  -9.5300000e+02  -1.9900000e+02   2.0800000e+02
  -9.2100000e+02   1.4500000e+02   3.0900000e+02
  -7.6400000e+02   5.1300000e+02   5.6200000e+02
  -7.5400000e+02   3.5200000e+02   4.9600000e+02
  -9.3600000e+02   1.1800000e+02   3.9500000e+02
  -1.0150000e+03  -2.2800000e+02   2.0700000e+02
  -9.9500000e+02  -4.2300000e+02   2.0200000e+02
  -9.2300000e+02  -7.1000000e+01   3.3500000e+02
  -8.0600000e+02   4.2900000e+02   4.1800000e+02
  -7.9200000e+02   4.1600000e+02   4.4400000e+02
  -9.3200000e+02   8.4000000e+01   3.1600000e+02
  -9.9700000e+02  -1.6700000e+02   1.9800000e+02
  -1.0130000e+03  -4.0900000e+02   1.1900000e+02
  -9.5400000e+02  -2.5000000e+01   2.9200000e+02
  -8.2400000e+02   3.9200000e+02   3.8500000e+02
  -7.6600000e+02   5.5300000e+02   5.6700000e+02
  -8.7100000e+02   3.2700000e+02   3.7700000e+02
  -1.0150000e+03  -5.0000000e+00   2.0800000e+02
  -1.0330000e+03  -3.2300000e+02  -2.0000000e+01
  -9.6300000e+02  -6.5000000e+01   1.2400000e+02
  -8.8800000e+02   3.0400000e+02   2.9900000e+02
  -8.5300000e+02   5.3800000e+02   4.8000000e+02
  -9.2000000e+02   2.6700000e+02   3.0300000e+02
  -9.5900000e+02  -2.4800000e+02   1.4000000e+02
  -1.0330000e+03  -4.4300000e+02   4.0000000e+01
  -8.9900000e+02   2.2000000e+01   2.7000000e+02
  -7.6900000e+02   4.9300000e+02   5.5800000e+02
  -8.1900000e+02   3.0300000e+02   4.9300000e+02
  -9.3800000e+02   4.4000000e+01   3.2200000e+02
  -9.7800000e+02  -3.9200000e+02   1.0300000e+02
  -9.9700000e+02  -4.3700000e+02   1.8600000e+02
  -8.5300000e+02   1.1000000e+02   3.2400000e+02
  -7.2200000e+02   6.1500000e+02   5.1000000e+02
  -8.4900000e+02   3.7400000e+02   4.4000000e+02
  -9.5800000e+02  -2.2000000e+01   2.2700000e+02
  -9.7700000e+02  -1.4100000e+02   1.8200000e+02
  -9.5900000e+02  -2.7000000e+02   1.6100000e+02
  -9.0900000e+02   1.7900000e+02   3.8300000e+02
