  -9.1400000e+02  -7.1700000e+02  -6.2000000e+01
  -8.9900000e+02  -6.0000000e+02   2.9400000e+02
  -9.2300000e+02  -1.4700000e+02   2.5100000e+02
  -9.3100000e+02   1.8000000e+02   2.7100000e+02
  -7.6700000e+02   6.1000000e+02   2.2000000e+01
  -6.6100000e+02   8.0200000e+02  -5.5000000e+01
  -7.9900000e+02   5.0300000e+02   1.9900000e+02
  -9.4600000e+02  -1.5000000e+01   2.9600000e+02
  -9.7100000e+02  -3.0600000e+02   2.1600000e+02
  -9.1600000e+02  -6.2500000e+02   4.5000000e+02
  -8.7300000e+02  -6.2300000e+02   3.5900000e+02
  -9.3100000e+02   1.2000000e+01   1.6600000e+02
  -8.7800000e+02   4.3800000e+02   5.8000000e+01
  -5.4300000e+02   7.9100000e+02  -2.0300000e+02
  -3.0600000e+02   9.9900000e+02  -4.7800000e+02
  -4.7200000e+02   6.9100000e+02  -2.9800000e+02
  -8.8100000e+02   5.0100000e+02   2.3100000e+02
  -9.6200000e+02  -1.8000000e+01   2.3000000e+02
  -8.9000000e+02  -3.1900000e+02   3.2200000e+02
  -9.4400000e+02  -6.2000000e+02   6.9300000e+02
  -8.4800000e+02  -6.2000000e+02   2.8700000e+02
  -8.9500000e+02   6.8000000e+01   7.3000000e+01
  -8.4200000e+02   4.2400000e+02  -1.0500000e+02
  -5.8200000e+02   6.7100000e+02  -2.6600000e+02
  -3.6400000e+02   8.8600000e+02  -5.5800000e+02
  -6.8200000e+02   5.7100000e+02  -1.3900000e+02
  -9.3100000e+02  -2.0000000e+00   2.0100000e+02
  -9.1800000e+02  -1.0400000e+02   3.6900000e+02
  -9.1600000e+02  -4.4700000e+02   4.9900000e+02
  -9.4400000e+02  -5.3400000e+02   4.6900000e+02
  -9.1800000e+02  -3.1900000e+02   1.5600000e+02
  -9.9400000e+02   6.7000000e+01   1.4600000e+02
  -8.9400000e+02   4.1800000e+02   4.6000000e+01
  -6.8000000e+02   6.1500000e+02  -1.9500000e+02
  -4.8400000e+02   8.9700000e+02  -3.1900000e+02
  -7.2000000e+02   7.5400000e+02  -2.8800000e+02
  -8.4500000e+02   4.9000000e+02  -4.7000000e+01
  -9.7500000e+02   1.4900000e+02   1.6400000e+02
  -9.5800000e+02  -9.6000000e+01   2.4300000e+02
  -9.0000000e+02  -3.9900000e+02   4.2000000e+02
  -9.0500000e+02  -5.6200000e+02   5.3200000e+02
  -9.1400000e+02  -3.7300000e+02   3.4800000e+02
  -9.5300000e+02   9.5000000e+01   2.4900000e+02
  -8.8700000e+02   4.0500000e+02   3.8000000e+01
  -7.6000000e+02   6.3700000e+02  -7.1000000e+01
  -5.7700000e+02   8.8100000e+02  -2.1200000e+02
  -7.3700000e+02   6.0700000e+02  -4.6000000e+01
  -9.3500000e+02   1.8200000e+02   1.3600000e+02
  -9.3600000e+02  -2.1700000e+02   2.5800000e+02
  -8.5900000e+02  -5.1600000e+02   3.9500000e+02
  -8.2500000e+02  -7.7300000e+02   5.3100000e+02
  -8.3800000e+02  -5.6200000e+02   2.9100000e+02
  -9.1400000e+02  -1.3100000e+02   9.1000000e+01
  -9.6500000e+02   2.5500000e+02   1.1000000e+01
  -5.9200000e+02   6.7200000e+02  -2.3800000e+02
  -4.7900000e+02   1.0110000e+03  -2.4500000e+02
  -6.9000000e+02   6.6500000e+02  -6.3000000e+01
  -9.6500000e+02   1.8400000e+02   1.6500000e+02
  -9.4800000e+02  -1.5000000e+02   2.5400000e+02
  -8.7300000e+02  -4.6100000e+02   4.6600000e+02
  -8.6600000e+02  -7.2500000e+02   5.8300000e+02
  -8.5900000e+02  -2.6100000e+02   3.3400000e+02
  -9.3000000e+02   3.8500000e+02   1.0300000e+02
  -6.1500000e+02   5.9000000e+02  -1.4800000e+02
  -3.7600000e+02   9.9800000e+02  -2.6300000e+02
  -6.0800000e+02   6.1300000e+02  -1.4400000e+02
  -8.7600000e+02   3.3200000e+02   1.7800000e+02
  -9.3200000e+02  -1.1300000e+02   4.6100000e+02
  -8.7900000e+02  -3.3500000e+02   3.9000000e+02
  -8.8200000e+02  -5.4400000e+02   5.7400000e+02
  -9.3200000e+02  -4.8500000e+02   4.6400000e+02
  -9.2300000e+02  -1.1100000e+02   1.0900000e+02
  -9.5200000e+02   2.2900000e+02  -4.0000000e+00
  -6.8600000e+02   4.7700000e+02  -3.7000000e+02
  -4.1600000e+02   1.0180000e+03  -3.3600000e+02
  -5.4900000e+02   8.1000000e+02  -1.5100000e+02
  -8.4400000e+02   4.4900000e+02   1.5900000e+02
  -9.1200000e+02   1.2100000e+02   3.3700000e+02
  -9.4000000e+02  -2.9300000e+02   3.0800000e+02
  -9.1600000e+02  -5.5900000e+02   4.2500000e+02
  -9.0900000e+02  -5.2100000e+02   2.6700000e+02
  -9.4200000e+02  -2.5700000e+02   1.7500000e+02
  -9.3600000e+02   2.8900000e+02   2.1700000e+02
  -7.6900000e+02   6.8500000e+02  -3.1000000e+01
  -3.8700000e+02   9.6900000e+02  -1.6500000e+02
  -3.5800000e+02   9.9000000e+02  -1.0400000e+02
  -6.6500000e+02   6.2000000e+02   8.7000000e+01
  -8.6400000e+02   1.6200000e+02   3.0500000e+02
  -9.6000000e+02  -3.6400000e+02   4.3400000e+02
  -9.0100000e+02  -3.5700000e+02   6.0200000e+02
  -8.9900000e+02  -3.2500000e+02   4.9900000e+02
  -9.3900000e+02  -1.1900000e+02   3.5800000e+02
  -9.4100000e+02   3.5000000e+01   1.8600000e+02
  -8.7300000e+02   4.4800000e+02   1.8500000e+02
  -5.0500000e+02   7.7100000e+02  -2.3600000e+02
  -5.0500000e+02   7.7100000e+02  -2.3600000e+02
