  -9.8400000e+02  -1.2000000e+02   9.3000000e+01
  -1.0440000e+03  -2.3500000e+02   8.0000000e+00
  -8.6200000e+02   1.3100000e+02   3.0500000e+02
  -5.7400000e+02   7.0200000e+02   5.3400000e+02
  -8.6300000e+02   3.4000000e+02   4.5300000e+02
  -1.0010000e+03  -2.8200000e+02   1.2200000e+02
  -9.6700000e+02  -6.5000000e+01   2.2700000e+02
  -7.5900000e+02   4.5000000e+02   4.3100000e+02
  -6.1400000e+02   7.5800000e+02   5.3000000e+02
  -8.0900000e+02   4.3800000e+02   4.3200000e+02
  -9.6800000e+02  -3.1000000e+02   1.4700000e+02
  -1.0280000e+03  -3.4500000e+02  -1.0000000e+00
  -9.4800000e+02   2.5000000e+01   2.1400000e+02
  -7.1400000e+02   5.4600000e+02   4.1700000e+02
  -5.8300000e+02   8.0000000e+02   5.4100000e+02
  -7.7800000e+02   4.4200000e+02   4.3800000e+02
  -1.0090000e+03  -8.6000000e+01   2.0500000e+02
  -1.0890000e+03  -3.1700000e+02   1.7000000e+01
  -8.6800000e+02   1.7700000e+02   2.9700000e+02
  -6.2400000e+02   5.9600000e+02   5.1500000e+02
  -5.5300000e+02   7.5400000e+02   5.9900000e+02
  -6.8200000e+02   3.6900000e+02   5.0900000e+02
  -9.5900000e+02  -1.1900000e+02   2.5500000e+02
  -1.0260000e+03  -2.6600000e+02   7.6000000e+01
  -9.0700000e+02   2.2000000e+02   3.2500000e+02
  -5.8400000e+02   7.4700000e+02   6.0800000e+02
  -6.2500000e+02   5.0700000e+02   5.4800000e+02
  -9.7700000e+02  -2.8000000e+01   3.8800000e+02
  -1.0330000e+03  -4.2900000e+02   1.4800000e+02
  -8.6000000e+02  -1.4000000e+01   3.2400000e+02
  -5.8200000e+02   5.0700000e+02   7.2400000e+02
  -6.2500000e+02   5.1300000e+02   6.5300000e+02
  -8.8100000e+02   1.0000000e+00   5.2100000e+02
  -1.0140000e+03  -3.9700000e+02   1.9100000e+02
  -8.7200000e+02  -1.1800000e+02   4.0800000e+02
  -7.0200000e+02   3.6400000e+02   7.0400000e+02
  -6.5300000e+02   5.7700000e+02   7.9200000e+02
  -8.9800000e+02  -1.3000000e+02   4.1600000e+02
  -9.6700000e+02  -4.2900000e+02   2.3300000e+02
  -8.2600000e+02   1.7900000e+02   5.3200000e+02
  -7.0100000e+02   7.3500000e+02   7.4600000e+02
  -7.3900000e+02   3.7600000e+02   5.7000000e+02
  -8.8500000e+02  -1.5100000e+02   3.0700000e+02
  -1.0060000e+03  -3.0600000e+02   2.1600000e+02
  -9.0600000e+02   1.6600000e+02   4.1500000e+02
  -6.7800000e+02   4.7200000e+02   5.9100000e+02
  -7.5500000e+02   4.0600000e+02   5.5100000e+02
  -9.5300000e+02  -8.0000000e+00   3.0400000e+02
  -1.0360000e+03  -2.4800000e+02   9.7000000e+01
  -8.9800000e+02   1.3900000e+02   3.1500000e+02
  -6.9600000e+02   6.3600000e+02   6.2900000e+02
  -7.5500000e+02   4.1200000e+02   5.5300000e+02
  -8.9800000e+02   2.0000000e+01   3.2100000e+02
  -1.0220000e+03  -3.5200000e+02   1.2100000e+02
  -9.5000000e+02  -2.5400000e+02   2.0800000e+02
  -8.7400000e+02   5.4000000e+01   4.1200000e+02
  -7.4500000e+02   3.9100000e+02   5.8500000e+02
  -8.3300000e+02   2.9700000e+02   5.4700000e+02
  -9.3700000e+02  -1.0000000e+01   3.1900000e+02
  -1.0800000e+03  -2.6700000e+02   2.1000000e+02
  -9.3400000e+02  -1.1000000e+01   3.3800000e+02
  -8.7900000e+02   1.9100000e+02   5.0100000e+02
  -7.9900000e+02   4.0400000e+02   5.8300000e+02
  -8.6800000e+02   2.7500000e+02   4.6500000e+02
  -9.7900000e+02  -1.7900000e+02   2.1200000e+02
  -1.0290000e+03  -3.9300000e+02   6.5000000e+01
  -9.2000000e+02  -1.3200000e+02   2.4400000e+02
  -9.3600000e+02   1.7400000e+02   3.5000000e+02
  -7.9300000e+02   5.0000000e+02   5.7400000e+02
  -8.7200000e+02   3.3700000e+02   5.1000000e+02
  -9.5500000e+02  -1.4000000e+01   3.1500000e+02
  -1.0100000e+03  -2.9300000e+02   1.2000000e+02
  -9.7300000e+02  -1.4600000e+02   3.0000000e+02
  -8.4300000e+02   1.6100000e+02   5.1000000e+02
  -7.7100000e+02   4.6300000e+02   6.2700000e+02
  -8.0200000e+02   2.9200000e+02   5.3100000e+02
  -8.8000000e+02   1.9000000e+01   3.9900000e+02
  -9.9300000e+02  -1.1100000e+02   2.6600000e+02
  -7.7300000e+02   1.9900000e+02   4.5100000e+02
  -6.8000000e+02   6.4400000e+02   6.7900000e+02
  -8.1400000e+02   2.0600000e+02   5.0500000e+02
  -9.7000000e+02  -3.1400000e+02   2.3900000e+02
  -9.4100000e+02  -2.8800000e+02   2.1600000e+02
  -8.4300000e+02   2.6300000e+02   5.0900000e+02
  -7.0100000e+02   4.3200000e+02   6.3500000e+02
  -9.0800000e+02   7.1000000e+01   3.8800000e+02
  -1.0380000e+03  -2.7700000e+02   1.9700000e+02
  -8.1700000e+02   1.9500000e+02   4.2300000e+02
  -6.7200000e+02   5.8100000e+02   6.4000000e+02
  -8.1400000e+02   2.7000000e+02   5.0200000e+02
  -9.6200000e+02  -7.9000000e+01   3.3400000e+02
  -1.0590000e+03  -1.7500000e+02   2.0500000e+02
  -9.6500000e+02  -2.9000000e+01   2.6000000e+02
  -7.8000000e+02   2.7900000e+02   4.7200000e+02
  -7.0000000e+02   5.7000000e+02   6.5400000e+02
  -8.0800000e+02   2.2600000e+02   4.7900000e+02
