  -9.3100000e+02  -8.5000000e+01   3.0300000e+02
  -9.3500000e+02   1.7000000e+02   2.9900000e+02
  -7.3800000e+02   6.2400000e+02   2.6300000e+02
  -6.0200000e+02   9.4600000e+02   2.4600000e+02
  -7.5100000e+02   6.1000000e+02   2.8500000e+02
  -9.0600000e+02   7.3000000e+01   3.4900000e+02
  -9.2500000e+02  -1.0900000e+02   4.2400000e+02
  -8.8600000e+02  -4.1800000e+02   4.4300000e+02
  -8.7000000e+02  -5.2200000e+02   4.4400000e+02
  -9.1600000e+02  -2.8500000e+02   4.3800000e+02
  -9.4100000e+02   3.0000000e+00   3.1600000e+02
  -8.9600000e+02   3.0200000e+02   3.1600000e+02
  -6.9400000e+02   5.9800000e+02   2.2400000e+02
  -5.6400000e+02   1.0280000e+03   2.5000000e+02
  -6.4000000e+02   6.8600000e+02   2.5300000e+02
  -8.6100000e+02   3.9900000e+02   2.8800000e+02
  -9.2700000e+02   6.9000000e+01   2.4000000e+02
  -9.5100000e+02  -2.4700000e+02   2.6300000e+02
  -9.2200000e+02  -4.8000000e+02   2.8200000e+02
  -9.2400000e+02  -4.9700000e+02   3.4300000e+02
  -9.4100000e+02  -3.3100000e+02   2.8700000e+02
  -9.6100000e+02  -8.4000000e+01   3.0900000e+02
  -8.7500000e+02   5.0600000e+02   2.4400000e+02
  -6.8800000e+02   7.1500000e+02   2.8600000e+02
  -6.3000000e+02   7.9400000e+02   3.3300000e+02
  -7.6100000e+02   5.9000000e+02   2.9600000e+02
  -8.9700000e+02   2.2500000e+02   2.8000000e+02
  -9.4300000e+02  -2.0600000e+02   2.4700000e+02
  -9.3000000e+02  -3.9200000e+02   3.3300000e+02
  -9.1200000e+02  -4.4700000e+02   3.5100000e+02
  -9.4700000e+02  -2.2600000e+02   3.0500000e+02
  -9.5000000e+02   1.3000000e+01   2.7100000e+02
  -8.9100000e+02   3.4200000e+02   2.6600000e+02
  -7.0300000e+02   5.1300000e+02   2.8700000e+02
  -5.7700000e+02   8.6000000e+02   3.9900000e+02
  -7.5900000e+02   5.6700000e+02   3.3400000e+02
  -8.9900000e+02   2.7500000e+02   2.4400000e+02
  -9.3100000e+02  -1.6500000e+02   2.9200000e+02
  -9.7000000e+02  -3.9200000e+02   3.0200000e+02
  -9.5600000e+02  -4.7500000e+02   3.4200000e+02
  -9.5300000e+02  -1.5000000e+02   3.2900000e+02
  -9.6300000e+02   1.9000000e+01   3.0000000e+02
  -8.2900000e+02   4.8600000e+02   2.9200000e+02
  -6.8400000e+02   8.8100000e+02   3.0200000e+02
  -8.2100000e+02   5.0000000e+02   3.7800000e+02
  -9.0200000e+02   7.4000000e+01   3.0600000e+02
  -1.0100000e+03  -1.2900000e+02   1.7400000e+02
  -9.4200000e+02  -3.2600000e+02   2.4300000e+02
  -9.2400000e+02  -4.7400000e+02   3.6600000e+02
  -9.2900000e+02  -2.5200000e+02   3.0700000e+02
  -9.6400000e+02  -9.8000000e+01   2.3300000e+02
  -8.9700000e+02   3.1900000e+02   3.0400000e+02
  -7.7000000e+02   6.2800000e+02   3.0400000e+02
  -6.0200000e+02   8.2400000e+02   2.7300000e+02
  -6.7000000e+02   7.4200000e+02   3.1800000e+02
  -8.3100000e+02   3.5600000e+02   3.3200000e+02
  -9.5100000e+02   5.0000000e+01   3.5200000e+02
  -9.1700000e+02  -2.0900000e+02   3.1400000e+02
  -9.2900000e+02  -4.9800000e+02   4.1600000e+02
  -9.0700000e+02  -3.2400000e+02   3.6300000e+02
  -9.8500000e+02  -1.0000000e+00   3.4000000e+02
  -9.3000000e+02   1.8200000e+02   2.4700000e+02
  -7.1700000e+02   5.6500000e+02   2.4200000e+02
  -4.8600000e+02   9.7200000e+02   3.1900000e+02
  -5.6600000e+02   8.3000000e+02   3.3700000e+02
  -8.3300000e+02   4.4400000e+02   3.0400000e+02
  -9.3000000e+02   5.1000000e+01   2.2400000e+02
  -9.7900000e+02  -7.4000000e+01   2.9700000e+02
  -9.4600000e+02  -3.0800000e+02   4.6800000e+02
  -9.6700000e+02  -2.0100000e+02   4.6300000e+02
  -9.6700000e+02   6.0000000e+01   2.4100000e+02
  -9.2700000e+02   2.7700000e+02   1.4000000e+02
  -7.7600000e+02   6.3000000e+02   3.0000000e+01
  -7.0700000e+02   6.4600000e+02   7.3000000e+01
  -8.4000000e+02   4.2000000e+02   1.9400000e+02
  -9.4900000e+02   2.0300000e+02   2.8900000e+02
  -9.6100000e+02  -9.0000000e+01   3.7500000e+02
  -9.2000000e+02  -3.0500000e+02   3.8400000e+02
  -9.1700000e+02  -3.3400000e+02   4.5000000e+02
  -9.5200000e+02  -2.3800000e+02   3.8500000e+02
  -9.6700000e+02   2.9000000e+01   2.8100000e+02
  -8.8400000e+02   3.4800000e+02   2.8600000e+02
  -7.2100000e+02   6.4100000e+02   3.2000000e+02
  -6.2300000e+02   8.0600000e+02   3.6000000e+02
  -7.2200000e+02   6.1600000e+02   3.1200000e+02
  -9.0900000e+02   1.4200000e+02   3.0400000e+02
  -9.3700000e+02  -1.2600000e+02   3.2600000e+02
  -9.1200000e+02  -4.5600000e+02   3.6300000e+02
  -9.1300000e+02  -3.4800000e+02   4.2400000e+02
  -9.4400000e+02  -2.2900000e+02   3.9500000e+02
  -9.2000000e+02   2.0800000e+02   2.8200000e+02
  -7.7700000e+02   5.4100000e+02   1.4900000e+02
  -6.0400000e+02   8.6000000e+02   1.5300000e+02
  -6.3700000e+02   7.3100000e+02   1.9200000e+02
  -8.0700000e+02   4.9600000e+02   2.4900000e+02
  -9.7600000e+02   2.3300000e+02   1.6900000e+02
