  -2.1600000e+02  -9.0000000e+00   9.9600000e+02
  -1.0200000e+02   3.5000000e+01   1.0100000e+03
   4.0000000e+01   6.4000000e+01   1.0480000e+03
   1.6400000e+02   5.6000000e+01   1.0160000e+03
   3.5000000e+02   1.6900000e+02   9.5800000e+02
   5.3300000e+02   8.6000000e+01   8.6300000e+02
   7.0400000e+02   1.2700000e+02   8.0700000e+02
   8.1100000e+02   1.1900000e+02   6.1500000e+02
   8.4700000e+02   1.1900000e+02   5.5700000e+02
   9.3400000e+02   1.5000000e+02   4.2400000e+02
   9.3400000e+02   1.2600000e+02   3.2400000e+02
   9.3600000e+02   9.3000000e+01   3.7900000e+02
   9.7300000e+02   1.3200000e+02   3.9700000e+02
   8.7600000e+02   2.2100000e+02   5.3100000e+02
   7.5400000e+02   1.8800000e+02   7.3900000e+02
   5.9600000e+02   2.0900000e+02   8.6200000e+02
   3.9500000e+02   2.3600000e+02   9.7200000e+02
   1.9600000e+02   1.0800000e+02   1.0180000e+03
   2.4000000e+01   3.6000000e+01   1.0260000e+03
  -1.7400000e+02   5.1000000e+01   9.9800000e+02
  -3.2800000e+02  -3.0000000e+00   9.5000000e+02
  -4.3400000e+02   4.2000000e+01   9.2000000e+02
  -4.0900000e+02   1.0300000e+02   8.9000000e+02
  -3.1600000e+02   1.5500000e+02   9.4700000e+02
  -1.5800000e+02   1.5100000e+02   1.0490000e+03
   4.0000000e+00   1.9200000e+02   1.0310000e+03
   1.4800000e+02   1.0600000e+02   1.0090000e+03
   2.8900000e+02   1.4000000e+02   9.6900000e+02
   4.3100000e+02   1.6400000e+02   9.5200000e+02
   5.9600000e+02   8.6000000e+01   8.1400000e+02
   7.5500000e+02   3.2000000e+01   7.6400000e+02
   8.1900000e+02   2.9000000e+01   6.6800000e+02
   8.4300000e+02  -2.3000000e+01   5.8200000e+02
   8.9500000e+02  -2.1000000e+01   4.4400000e+02
   9.0300000e+02  -5.7000000e+01   4.8800000e+02
   9.3800000e+02  -8.7000000e+01   5.5000000e+02
   8.9900000e+02  -3.6000000e+01   6.3800000e+02
   7.4000000e+02   5.0000000e+00   8.6000000e+02
   3.5100000e+02   4.0000000e+01   9.5800000e+02
   8.4000000e+01   1.1700000e+02   1.0370000e+03
  -1.0600000e+02   1.2400000e+02   1.0070000e+03
  -2.7000000e+02   9.1000000e+01   9.5500000e+02
  -3.3900000e+02   8.2000000e+01   8.7600000e+02
  -2.4900000e+02   7.4000000e+01   8.4400000e+02
  -1.1400000e+02   5.9000000e+01   1.0650000e+03
  -3.0000000e+00   1.0600000e+02   1.0530000e+03
   1.3400000e+02   8.8000000e+01   1.0230000e+03
   3.6800000e+02   8.0000000e+01   9.7700000e+02
   5.6700000e+02   8.1000000e+01   8.7400000e+02
   7.1900000e+02   1.2700000e+02   7.9400000e+02
   8.0500000e+02   5.1000000e+01   6.7800000e+02
   8.6900000e+02   3.1000000e+01   5.4900000e+02
   9.1000000e+02  -1.2000000e+01   4.9200000e+02
   9.2300000e+02  -2.0000000e+00   4.2600000e+02
   9.3100000e+02   1.8000000e+01   4.8000000e+02
   8.9600000e+02   1.9000000e+01   5.8400000e+02
   7.9400000e+02   4.1000000e+01   7.0500000e+02
   6.4100000e+02   8.6000000e+01   9.6400000e+02
   3.8400000e+02   7.0000000e+01   9.8300000e+02
   1.1700000e+02   1.3600000e+02   9.8500000e+02
  -1.3700000e+02   1.5900000e+02   9.7200000e+02
  -3.1500000e+02   5.3000000e+01   8.8300000e+02
  -4.2400000e+02  -5.3000000e+01   9.5000000e+02
  -4.2500000e+02  -1.9000000e+01   8.6000000e+02
  -3.5300000e+02   2.2000000e+01   9.6900000e+02
  -2.2100000e+02   2.4000000e+01   1.0570000e+03
  -9.8000000e+01   2.9000000e+01   1.0610000e+03
   1.9000000e+01  -3.0000000e+00   1.0400000e+03
   1.5100000e+02  -2.0000000e+01   1.0120000e+03
   2.9500000e+02   2.8000000e+01   9.9100000e+02
   4.2800000e+02   4.0000000e+01   9.2400000e+02
   6.0000000e+02   1.0000000e+01   8.8600000e+02
   7.3100000e+02   7.0000000e+00   7.5200000e+02
   8.3500000e+02  -2.0000000e+00   6.8900000e+02
   8.9200000e+02  -3.9000000e+01   4.8500000e+02
   9.2900000e+02  -3.5000000e+01   4.6400000e+02
   9.1500000e+02  -3.0000000e+00   5.3000000e+02
   8.5800000e+02  -3.1000000e+01   5.9900000e+02
   7.7300000e+02   6.2000000e+01   7.9900000e+02
   5.0900000e+02   6.1000000e+01   8.9800000e+02
   2.6200000e+02   8.9000000e+01   9.6500000e+02
   4.1000000e+01   7.0000000e+00   1.0500000e+03
  -1.3200000e+02  -4.4000000e+01   1.0330000e+03
  -2.8000000e+02  -3.5000000e+01   1.0230000e+03
  -3.4600000e+02  -7.5000000e+01   7.7800000e+02
  -2.9600000e+02  -1.1400000e+02   9.7800000e+02
  -8.9000000e+01  -3.9000000e+01   9.9900000e+02
   1.2200000e+02   5.0000000e+01   1.0660000e+03
   2.9500000e+02   3.8000000e+01   1.0160000e+03
   5.0600000e+02   5.2000000e+01   9.1500000e+02
   7.0000000e+02   5.7000000e+01   8.2400000e+02
   8.0200000e+02  -3.0000000e+00   6.9600000e+02
   8.4500000e+02  -6.0000000e+00   5.9200000e+02
   8.9300000e+02  -6.4000000e+01   5.6700000e+02
   9.0200000e+02  -1.0000000e+00   5.1000000e+02
   8.5600000e+02  -2.1000000e+01   6.3500000e+02
