   9.6500000e+02  -2.0900000e+02   1.6700000e+02
   9.6700000e+02  -1.9500000e+02   2.0800000e+02
   9.6600000e+02  -1.9300000e+02   2.4700000e+02
   9.5600000e+02  -1.6000000e+02   3.3900000e+02
   9.4000000e+02  -2.0500000e+02   2.5700000e+02
   8.1300000e+02  -2.0000000e+02   6.8800000e+02
   6.0000000e+02  -3.5000000e+01   8.7600000e+02
   3.4200000e+02   9.9000000e+01   9.9600000e+02
   4.7000000e+01   1.0200000e+02   9.9000000e+02
  -2.1500000e+02   5.4000000e+01   9.5200000e+02
  -4.8500000e+02   1.1600000e+02   9.0700000e+02
  -6.4100000e+02   2.0700000e+02   7.5100000e+02
  -7.7200000e+02   2.3500000e+02   5.9100000e+02
  -8.6200000e+02   2.1100000e+02   4.7600000e+02
  -9.4700000e+02   5.8000000e+01   4.2500000e+02
  -9.7000000e+02   1.0100000e+02   1.1700000e+02
  -9.6300000e+02   1.2100000e+02   3.0000000e+01
  -9.8400000e+02   2.7100000e+02  -5.0000000e+01
  -9.7800000e+02   2.4100000e+02   1.3000000e+01
  -1.0100000e+03   8.4000000e+01   1.6600000e+02
  -9.8000000e+02  -1.0000000e+01   2.3800000e+02
  -9.5800000e+02   1.6000000e+01   3.7300000e+02
  -8.7000000e+02   6.2000000e+01   4.5400000e+02
  -7.6500000e+02   1.2900000e+02   6.5600000e+02
  -6.1900000e+02   9.6000000e+01   7.9200000e+02
  -5.0300000e+02   1.3100000e+02   1.0090000e+03
  -3.1900000e+02   2.2000000e+01   1.0230000e+03
  -3.1900000e+02   2.2000000e+01   1.0230000e+03
   8.6000000e+01  -3.0000000e+00   1.0550000e+03
   2.3500000e+02   6.3000000e+01   9.9900000e+02
   4.4300000e+02   4.5000000e+01   9.7200000e+02
   6.6900000e+02  -4.0000000e+00   8.3800000e+02
   8.0200000e+02  -6.1000000e+01   7.5100000e+02
   8.5500000e+02  -9.1000000e+01   5.3400000e+02
   9.3400000e+02  -1.2700000e+02   3.9800000e+02
   9.6200000e+02  -1.6400000e+02   3.4000000e+02
   9.5700000e+02  -1.5300000e+02   3.2000000e+02
   9.6000000e+02  -1.1800000e+02   3.1100000e+02
   9.3500000e+02  -1.1000000e+02   3.9900000e+02
   8.7300000e+02  -6.7000000e+01   5.4600000e+02
   8.0400000e+02  -9.1000000e+01   6.2800000e+02
   6.7300000e+02  -2.9000000e+01   8.1500000e+02
   5.3000000e+02   1.5000000e+01   8.5900000e+02
   3.7800000e+02   7.9000000e+01   1.0010000e+03
   1.6700000e+02   9.7000000e+01   1.0460000e+03
  -4.9000000e+01   1.2600000e+02   1.0540000e+03
  -2.5400000e+02   1.9100000e+02   1.0020000e+03
  -4.2800000e+02   2.8300000e+02   8.2500000e+02
  -5.9100000e+02   3.3700000e+02   7.9300000e+02
  -7.2100000e+02   3.0000000e+02   6.9100000e+02
  -8.5700000e+02   2.9400000e+02   5.9500000e+02
  -9.2900000e+02   1.9600000e+02   3.5600000e+02
  -9.6500000e+02   1.8100000e+02   1.7600000e+02
  -9.4300000e+02   1.7600000e+02   4.8000000e+01
  -9.3800000e+02   3.5200000e+02  -1.2100000e+02
  -9.2600000e+02   2.4900000e+02   6.9000000e+01
  -9.4600000e+02   8.4000000e+01   2.3600000e+02
  -9.0400000e+02   2.1000000e+01   3.8100000e+02
  -8.2000000e+02   4.3000000e+01   5.6400000e+02
  -6.8200000e+02  -1.8000000e+01   7.2600000e+02
  -5.5400000e+02  -1.2700000e+02   8.8800000e+02
  -4.0800000e+02  -1.0200000e+02   9.3500000e+02
  -2.5500000e+02  -1.2800000e+02   1.0150000e+03
  -9.8000000e+01  -1.9600000e+02   1.0370000e+03
   5.9000000e+01  -1.0600000e+02   1.0540000e+03
   2.3100000e+02  -1.1200000e+02   1.0040000e+03
   4.1500000e+02  -1.4500000e+02   9.6500000e+02
   5.6600000e+02  -1.6300000e+02   8.9600000e+02
   6.8600000e+02  -1.7700000e+02   7.5300000e+02
   7.6300000e+02  -1.9400000e+02   6.7800000e+02
   8.4600000e+02  -1.2900000e+02   6.1300000e+02
   8.8300000e+02  -1.1800000e+02   4.8500000e+02
   9.0900000e+02  -1.3800000e+02   4.6500000e+02
   8.8100000e+02  -9.5000000e+01   5.2200000e+02
   8.2800000e+02  -7.3000000e+01   6.2500000e+02
   7.4400000e+02  -5.2000000e+01   7.4900000e+02
   5.9800000e+02  -1.1000000e+01   8.3800000e+02
   4.2700000e+02   2.0000000e+01   9.9600000e+02
   1.6300000e+02   3.9000000e+01   1.0060000e+03
  -7.0000000e+01   1.9000000e+01   1.0500000e+03
  -2.8500000e+02  -2.0000000e+00   1.0230000e+03
  -4.9500000e+02   6.8000000e+01   9.4000000e+02
  -6.3900000e+02   6.7000000e+01   8.0300000e+02
  -7.5100000e+02   1.6000000e+02   6.0400000e+02
  -8.3100000e+02   2.8700000e+02   4.9100000e+02
  -8.9400000e+02   2.3400000e+02   4.3900000e+02
  -8.8600000e+02   1.6500000e+02   3.3200000e+02
  -9.4300000e+02   2.2900000e+02   3.4900000e+02
  -9.3800000e+02   2.1500000e+02   1.6000000e+02
  -9.5600000e+02   2.4600000e+02   8.8000000e+01
  -9.4800000e+02   3.5300000e+02   4.2000000e+01
  -9.5400000e+02   2.8400000e+02   1.0400000e+02
  -9.5200000e+02   2.3100000e+02   2.6300000e+02
  -8.9100000e+02   1.7900000e+02   3.5200000e+02
  -8.1300000e+02   2.4300000e+02   5.3700000e+02
  -7.0800000e+02   3.2300000e+02   6.7300000e+02
