  -2.2600000e+02   3.6000000e+01   9.3900000e+02
  -1.4400000e+02  -4.5000000e+01   1.0280000e+03
  -5.0000000e+01  -4.1000000e+01   1.0190000e+03
   5.3000000e+01  -5.1000000e+01   1.0530000e+03
   1.9500000e+02  -9.5000000e+01   1.0040000e+03
   3.5000000e+02  -1.1200000e+02   9.8100000e+02
   4.8800000e+02  -3.4000000e+01   9.1500000e+02
   6.3200000e+02  -7.2000000e+01   8.1400000e+02
   7.1500000e+02  -7.6000000e+01   7.4200000e+02
   7.8500000e+02  -9.4000000e+01   6.7000000e+02
   8.5000000e+02  -7.0000000e+01   6.0200000e+02
   9.0100000e+02   2.0000000e+01   4.8500000e+02
   9.3000000e+02   9.0000000e+00   4.1300000e+02
   9.4200000e+02  -5.0000000e+00   4.1400000e+02
   8.9800000e+02   4.2000000e+01   5.5800000e+02
   8.2400000e+02   7.0000000e+00   7.0700000e+02
   6.0600000e+02   3.9000000e+01   8.9600000e+02
   3.4800000e+02  -4.3000000e+01   1.0240000e+03
   7.7000000e+01  -7.0000000e+00   1.0660000e+03
  -1.5900000e+02   2.0000000e+00   9.8400000e+02
  -2.9400000e+02   2.0000000e+00   9.6500000e+02
  -3.5200000e+02   1.7000000e+01   8.2400000e+02
  -2.8000000e+02   1.0700000e+02   1.0250000e+03
  -1.2100000e+02   1.2500000e+02   9.8800000e+02
   4.8000000e+01   1.7000000e+02   1.0190000e+03
   2.9500000e+02   1.1500000e+02   9.6800000e+02
   4.9200000e+02   1.0600000e+02   9.5400000e+02
   6.8300000e+02   1.3700000e+02   8.0700000e+02
   8.1400000e+02   1.1700000e+02   7.0800000e+02
   9.0000000e+02   5.5000000e+01   5.0300000e+02
   9.2500000e+02   3.0000000e+01   5.0800000e+02
   9.1900000e+02   5.2000000e+01   5.1000000e+02
   8.8200000e+02   7.0000000e+01   5.8700000e+02
   7.4500000e+02   8.7000000e+01   7.7100000e+02
   5.1800000e+02   1.8000000e+02   9.5300000e+02
   2.2200000e+02   1.6100000e+02   9.9900000e+02
  -7.6000000e+01   1.3400000e+02   9.8100000e+02
  -2.7400000e+02   9.8000000e+01   8.4600000e+02
  -3.4300000e+02   1.0100000e+02   8.5200000e+02
  -2.4100000e+02   1.1500000e+02   1.0150000e+03
  -9.3000000e+01   9.3000000e+01   1.0280000e+03
   4.0000000e+01   9.0000000e+01   9.8100000e+02
   1.7100000e+02   1.0100000e+02   1.0370000e+03
   3.4500000e+02   5.1000000e+01   9.9300000e+02
   4.7400000e+02   7.6000000e+01   9.2100000e+02
   6.1600000e+02   1.2900000e+02   8.4100000e+02
   7.7100000e+02   6.0000000e+01   7.2700000e+02
   8.2900000e+02   3.7000000e+01   6.0600000e+02
   8.8900000e+02   4.9000000e+01   5.4100000e+02
   9.2200000e+02   7.0000000e+00   4.5300000e+02
   9.0400000e+02   7.2000000e+01   5.2900000e+02
   8.6100000e+02   8.9000000e+01   6.5800000e+02
   7.1100000e+02   1.5600000e+02   7.9700000e+02
   4.2700000e+02   1.5800000e+02   9.2400000e+02
   4.2700000e+02   1.5800000e+02   9.2400000e+02
  -9.8000000e+01   7.2000000e+01   1.0250000e+03
  -2.8900000e+02   2.4000000e+01   9.2100000e+02
  -3.6000000e+02   6.2000000e+01   8.7500000e+02
  -2.8300000e+02   1.2400000e+02   9.5600000e+02
  -1.5800000e+02   1.8800000e+02   1.0480000e+03
   7.0000000e+01   1.5900000e+02   1.0120000e+03
   3.3700000e+02   1.2500000e+02   1.0220000e+03
   6.5900000e+02   7.7000000e+01   8.6500000e+02
   7.5700000e+02   1.0300000e+02   7.5100000e+02
   8.8200000e+02   1.4000000e+02   5.6700000e+02
   9.1100000e+02   1.2600000e+02   4.7900000e+02
   9.2700000e+02   1.2600000e+02   4.3300000e+02
   9.1500000e+02   1.1600000e+02   5.5700000e+02
   8.4300000e+02   1.4500000e+02   6.8700000e+02
   6.2400000e+02   2.3500000e+02   8.6100000e+02
   3.2300000e+02   1.9200000e+02   9.9000000e+02
   1.8000000e+01   1.6800000e+02   9.6400000e+02
  -1.8000000e+02   1.1000000e+02   1.0050000e+03
  -3.2800000e+02   1.0000000e+02   8.9800000e+02
  -3.5700000e+02   1.2900000e+02   8.2900000e+02
  -2.2800000e+02   1.6400000e+02   9.5200000e+02
  -2.2800000e+02   1.6400000e+02   9.5200000e+02
   2.4400000e+02   1.5300000e+02   9.6400000e+02
   4.5200000e+02   1.6500000e+02   9.5000000e+02
   7.0200000e+02   1.4700000e+02   8.2300000e+02
   8.3300000e+02   9.0000000e+01   6.5000000e+02
   8.6500000e+02   3.4000000e+01   5.7000000e+02
   9.1600000e+02  -1.0000000e+00   4.5100000e+02
   9.1100000e+02   3.0000000e+00   5.4800000e+02
   8.4600000e+02   1.1400000e+02   7.3900000e+02
   7.0600000e+02   1.2800000e+02   8.3100000e+02
   3.5100000e+02   1.1600000e+02   9.5800000e+02
   1.2800000e+02   1.9000000e+01   9.8900000e+02
  -4.0000000e+01   1.9000000e+01   1.0440000e+03
  -1.7000000e+02   2.5000000e+01   1.0730000e+03
  -2.7700000e+02  -5.3000000e+01   1.0140000e+03
  -3.5200000e+02  -1.2000000e+01   9.3300000e+02
  -3.7100000e+02  -4.0000000e+00   8.9400000e+02
  -3.5600000e+02   3.9000000e+01   9.6700000e+02
  -2.8900000e+02   4.3000000e+01   1.0450000e+03
  -1.8000000e+02   1.3000000e+01   9.2700000e+02
