  -9.8300000e+02   1.7800000e+02   6.1000000e+01
  -9.7000000e+02   2.1000000e+02   4.0000000e+01
  -9.9400000e+02   1.6400000e+02   1.4400000e+02
  -9.8600000e+02   1.0900000e+02   2.3300000e+02
  -9.5800000e+02   4.8000000e+01   2.8800000e+02
  -9.2200000e+02   1.4000000e+01   4.6500000e+02
  -8.4400000e+02  -1.8000000e+01   5.7100000e+02
  -7.8300000e+02  -6.8000000e+01   6.9700000e+02
  -6.9200000e+02  -5.7000000e+01   7.5000000e+02
  -6.0600000e+02  -2.4000000e+01   8.3700000e+02
  -5.0900000e+02  -9.0000000e+00   9.1100000e+02
  -4.0400000e+02  -4.7000000e+01   9.2500000e+02
  -3.0200000e+02  -1.0000000e+02   9.6800000e+02
  -1.7400000e+02  -1.7400000e+02   9.8400000e+02
  -2.1000000e+01  -1.8700000e+02   1.0470000e+03
   1.3700000e+02  -2.1700000e+02   1.0040000e+03
   2.5400000e+02  -2.7500000e+02   9.6300000e+02
   4.1700000e+02  -3.1200000e+02   9.0000000e+02
   5.4700000e+02  -2.1600000e+02   8.5400000e+02
   6.7600000e+02  -1.7100000e+02   7.8500000e+02
   7.6300000e+02  -1.7000000e+02   6.8700000e+02
   8.3100000e+02  -2.2700000e+02   5.7100000e+02
   9.0000000e+02  -1.7000000e+02   4.9300000e+02
   9.1300000e+02  -1.7100000e+02   4.3600000e+02
   9.4200000e+02  -1.7800000e+02   3.4700000e+02
   9.3000000e+02  -2.2200000e+02   3.6500000e+02
   9.4400000e+02  -1.4700000e+02   3.6800000e+02
   9.1500000e+02  -1.9000000e+02   4.5600000e+02
   8.8400000e+02  -1.1000000e+02   5.6400000e+02
   7.9700000e+02  -4.1000000e+01   7.1100000e+02
   6.5600000e+02  -1.9000000e+01   8.4900000e+02
   4.9200000e+02   1.3000000e+01   9.1700000e+02
   3.1600000e+02  -6.0000000e+00   1.0320000e+03
   6.9000000e+01  -7.2000000e+01   1.0200000e+03
  -1.3200000e+02  -1.0200000e+02   1.0060000e+03
  -2.9900000e+02  -1.1100000e+02   9.9800000e+02
  -4.5400000e+02  -5.5000000e+01   9.2900000e+02
  -5.8100000e+02  -3.5000000e+01   7.9000000e+02
  -7.1500000e+02  -8.8000000e+01   7.0200000e+02
  -8.2500000e+02  -5.1000000e+01   5.9900000e+02
  -9.0500000e+02   4.0000000e+00   4.7900000e+02
  -9.5900000e+02   6.2000000e+01   3.6700000e+02
  -1.0050000e+03   1.0500000e+02   2.2500000e+02
  -9.5100000e+02   2.5000000e+02   7.0000000e+00
  -9.3000000e+02   2.9200000e+02  -6.9000000e+01
  -9.5000000e+02   1.9300000e+02   8.0000000e+01
  -9.4900000e+02   1.6300000e+02   3.0600000e+02
  -9.1700000e+02   1.0500000e+02   4.5900000e+02
  -8.8500000e+02   8.2000000e+01   5.6000000e+02
  -8.1200000e+02   9.5000000e+01   6.5300000e+02
  -7.1600000e+02   1.0400000e+02   6.4200000e+02
  -6.4100000e+02   1.8100000e+02   8.2500000e+02
  -5.3800000e+02   7.2000000e+01   9.2100000e+02
  -4.4500000e+02   9.0000000e+00   9.4500000e+02
  -3.1800000e+02   2.4000000e+01   9.7700000e+02
  -1.8500000e+02  -4.6000000e+01   1.0080000e+03
  -2.9000000e+01  -9.2000000e+01   1.0000000e+03
   9.9000000e+01  -9.6000000e+01   1.0880000e+03
   2.2100000e+02  -1.0000000e+02   1.0050000e+03
   3.5300000e+02  -1.8400000e+02   9.6400000e+02
   4.3900000e+02  -1.2900000e+02   9.3800000e+02
   5.5500000e+02  -9.8000000e+01   8.7300000e+02
   6.8600000e+02  -1.2300000e+02   7.8300000e+02
   7.6300000e+02  -1.4000000e+02   7.0500000e+02
   8.4900000e+02  -1.6300000e+02   5.7100000e+02
   9.1100000e+02  -1.6200000e+02   5.0100000e+02
   8.9600000e+02  -1.5200000e+02   4.9000000e+02
   8.9400000e+02  -1.3200000e+02   5.7600000e+02
   7.6800000e+02  -5.0000000e+00   7.7400000e+02
   6.1300000e+02  -1.7000000e+01   8.5800000e+02
   4.1000000e+02   6.9000000e+01   9.8800000e+02
   1.9400000e+02   1.0700000e+02   1.0410000e+03
   4.0000000e+00   1.8800000e+02   9.7800000e+02
  -2.3000000e+02   2.4600000e+02   1.0190000e+03
  -4.6700000e+02   2.1500000e+02   9.8800000e+02
  -6.5500000e+02   1.0600000e+02   7.4200000e+02
  -7.9100000e+02   1.2400000e+02   6.2700000e+02
  -9.1900000e+02   3.6000000e+01   3.5300000e+02
  -9.7900000e+02   1.2700000e+02   2.4300000e+02
  -9.8400000e+02   1.5400000e+02   1.4300000e+02
  -9.6700000e+02   5.0000000e+00   7.6000000e+01
  -9.6400000e+02   1.3800000e+02   2.0900000e+02
  -9.6000000e+02   1.2100000e+02   4.6200000e+02
  -8.2600000e+02   8.8000000e+01   4.8100000e+02
  -7.2200000e+02   8.5000000e+01   7.7500000e+02
  -6.1800000e+02   9.3000000e+01   8.0600000e+02
  -4.1800000e+02   2.0000000e+01   8.7300000e+02
  -2.4200000e+02  -5.3000000e+01   1.0190000e+03
  -9.0000000e+01  -4.3000000e+01   1.0260000e+03
   4.5000000e+01  -9.0000000e+00   1.0350000e+03
   1.7600000e+02  -3.9000000e+01   1.0390000e+03
   3.4300000e+02  -4.8000000e+01   9.8000000e+02
   4.8100000e+02  -4.8000000e+01   8.8200000e+02
   6.1100000e+02  -4.0000000e+01   8.5300000e+02
   7.0800000e+02  -2.0000000e+01   7.3500000e+02
   7.9700000e+02  -4.6000000e+01   6.3600000e+02
