   1.7400000e+02  -1.2800000e+02   1.0280000e+03
   1.7400000e+02  -1.2800000e+02   1.0280000e+03
   4.9000000e+01  -1.1300000e+02   1.0110000e+03
  -9.4000000e+01  -1.7500000e+02   1.0810000e+03
  -2.7500000e+02  -2.0200000e+02   1.0140000e+03
  -4.2500000e+02  -1.3000000e+02   9.3600000e+02
  -5.4700000e+02  -1.0500000e+02   8.2200000e+02
  -6.2000000e+02  -7.0000000e+01   8.4000000e+02
  -6.7600000e+02  -5.1000000e+01   7.8300000e+02
  -7.8200000e+02  -5.0000000e+00   6.0700000e+02
  -8.2700000e+02  -2.0000000e+00   6.0900000e+02
  -8.9300000e+02  -5.1000000e+01   5.1800000e+02
  -9.3800000e+02   1.2100000e+02   3.8400000e+02
  -9.6100000e+02   2.5400000e+02   2.4100000e+02
  -8.8000000e+02   3.7400000e+02  -2.1000000e+01
  -8.4800000e+02   4.9200000e+02  -1.6900000e+02
  -8.8200000e+02   4.4100000e+02  -1.3000000e+02
  -9.4500000e+02   3.6300000e+02   2.7000000e+01
  -9.6000000e+02   2.3800000e+02   1.3000000e+02
  -9.7200000e+02   1.5100000e+02   2.3000000e+02
  -9.5100000e+02   6.9000000e+01   2.7700000e+02
  -9.0200000e+02  -7.0000000e+00   4.2000000e+02
  -8.1300000e+02  -2.3000000e+01   6.1200000e+02
  -7.1100000e+02  -3.9000000e+01   6.8600000e+02
  -6.3300000e+02  -9.8000000e+01   8.2500000e+02
  -5.2500000e+02  -1.5000000e+01   8.9000000e+02
  -4.3500000e+02  -6.9000000e+01   9.7200000e+02
  -3.3000000e+02   2.2000000e+01   9.7600000e+02
  -2.0900000e+02  -8.1000000e+01   1.0230000e+03
  -9.2000000e+01  -1.4000000e+02   1.0900000e+03
  -9.2000000e+01  -1.4000000e+02   1.0900000e+03
  -1.0000000e+02  -2.1000000e+02   1.0960000e+03
  -1.9600000e+02  -1.0000000e+02   1.0290000e+03
  -3.4100000e+02  -4.1000000e+01   9.6200000e+02
  -4.8300000e+02  -1.8000000e+01   9.2500000e+02
  -6.4300000e+02   1.1000000e+02   8.8800000e+02
  -7.6700000e+02  -9.0000000e+00   6.6000000e+02
  -8.5500000e+02   3.2000000e+01   5.2700000e+02
  -9.3100000e+02   3.0000000e+00   4.5900000e+02
  -9.6500000e+02  -2.5000000e+01   2.7400000e+02
  -9.7700000e+02   1.3800000e+02   3.8000000e+01
  -9.8300000e+02   2.1700000e+02  -5.4000000e+01
  -9.7100000e+02   2.3600000e+02  -7.2000000e+01
  -9.4900000e+02   3.5000000e+02  -1.3800000e+02
  -9.7400000e+02   1.7900000e+02  -7.9000000e+01
  -1.0030000e+03   1.1600000e+02   7.4000000e+01
  -9.9300000e+02   9.4000000e+01   1.5100000e+02
  -9.7800000e+02   8.8000000e+01   2.1400000e+02
  -9.6700000e+02   1.3000000e+01   3.7000000e+02
  -9.1200000e+02  -5.2000000e+01   4.2300000e+02
  -8.5700000e+02  -1.2800000e+02   5.4800000e+02
  -7.5100000e+02  -1.3200000e+02   6.6800000e+02
  -6.4400000e+02  -2.3400000e+02   7.9100000e+02
  -5.0100000e+02  -2.2600000e+02   9.2000000e+02
  -3.8600000e+02  -2.5500000e+02   9.4200000e+02
  -3.1500000e+02  -2.7100000e+02   1.0380000e+03
  -2.9700000e+02  -2.2700000e+02   9.8500000e+02
  -3.1000000e+02  -1.5700000e+02   9.6100000e+02
  -3.8100000e+02  -1.7700000e+02   9.8400000e+02
  -4.7600000e+02  -1.4000000e+01   9.2200000e+02
  -5.9900000e+02  -3.0000000e+00   8.2300000e+02
  -7.2500000e+02   1.2200000e+02   6.3800000e+02
  -8.5400000e+02   9.7000000e+01   5.8700000e+02
  -8.9600000e+02   1.0000000e+02   4.0600000e+02
  -9.5500000e+02   1.1600000e+02   3.6300000e+02
  -9.7100000e+02   1.9600000e+02   2.5000000e+02
  -9.6900000e+02   2.1300000e+02   1.0700000e+02
  -9.5700000e+02   2.9700000e+02  -1.3000000e+01
  -9.5700000e+02   3.1800000e+02  -3.5000000e+01
  -9.0400000e+02   4.4500000e+02  -1.0700000e+02
  -9.2800000e+02   3.6800000e+02  -6.2000000e+01
  -9.6800000e+02   3.0300000e+02   8.6000000e+01
  -9.6800000e+02   1.9100000e+02   2.1900000e+02
  -9.5900000e+02   1.0500000e+02   2.8600000e+02
  -8.9800000e+02   1.1300000e+02   5.3900000e+02
  -8.4100000e+02   1.2000000e+01   5.9900000e+02
  -7.3000000e+02  -1.1000000e+01   7.0300000e+02
  -6.3900000e+02  -3.9000000e+01   8.2900000e+02
  -4.9500000e+02  -9.6000000e+01   8.0000000e+02
  -3.5200000e+02  -1.3100000e+02   1.0220000e+03
  -2.2200000e+02  -9.5000000e+01   1.0680000e+03
  -1.8500000e+02  -6.0000000e+01   1.0560000e+03
  -1.8300000e+02  -8.6000000e+01   1.0600000e+03
  -2.4400000e+02  -9.3000000e+01   1.0520000e+03
  -3.6100000e+02  -9.1000000e+01   9.8900000e+02
  -5.1500000e+02  -4.5000000e+01   9.1800000e+02
  -6.5900000e+02  -3.7000000e+01   8.1700000e+02
  -7.7800000e+02  -5.3000000e+01   6.3000000e+02
  -8.8000000e+02   5.3000000e+01   4.5800000e+02
  -9.7100000e+02   1.3900000e+02   3.6900000e+02
  -9.3800000e+02   2.3500000e+02   1.7900000e+02
  -9.5700000e+02   2.3500000e+02   4.2000000e+01
  -8.7300000e+02   3.9900000e+02  -1.4000000e+02
  -8.7200000e+02   5.3300000e+02  -1.0100000e+02
  -9.2400000e+02   3.7600000e+02   3.0000000e+01
  -9.4000000e+02   2.5600000e+02   1.8100000e+02
