  -1.0100000e+02  -3.5300000e+02   9.4500000e+02
  -2.3900000e+02  -4.4800000e+02   9.4400000e+02
  -4.8400000e+02  -3.4400000e+02   8.5600000e+02
  -5.9600000e+02  -4.4600000e+02   7.5400000e+02
  -7.2400000e+02  -2.0900000e+02   6.5000000e+02
  -8.4100000e+02   5.6000000e+01   5.3400000e+02
  -9.1900000e+02   2.0200000e+02   4.1300000e+02
  -9.0200000e+02   2.6500000e+02   2.4200000e+02
  -9.7300000e+02   3.4900000e+02   1.6000000e+02
  -8.5800000e+02   4.9600000e+02  -8.6000000e+01
  -9.2800000e+02   3.8700000e+02   8.7000000e+01
  -8.9400000e+02   3.2500000e+02   1.0400000e+02
  -9.0700000e+02   1.8900000e+02   3.8200000e+02
  -8.4100000e+02   1.5900000e+02   4.5200000e+02
  -7.3200000e+02  -2.4000000e+01   6.9800000e+02
  -5.5700000e+02  -8.1000000e+01   9.0300000e+02
  -3.8200000e+02  -1.2100000e+02   9.5500000e+02
  -2.3300000e+02  -1.4300000e+02   1.0440000e+03
  -1.1500000e+02  -1.2000000e+02   1.0460000e+03
  -1.1500000e+02  -1.2000000e+02   1.0460000e+03
  -4.9000000e+01  -1.9200000e+02   1.0860000e+03
  -1.2800000e+02  -9.4000000e+01   1.0800000e+03
  -2.5900000e+02  -2.3200000e+02   9.9300000e+02
  -4.3300000e+02  -1.6000000e+02   9.5700000e+02
  -5.9700000e+02  -3.0000000e+01   8.2600000e+02
  -7.2800000e+02  -1.0000000e+00   7.2200000e+02
  -8.4300000e+02  -7.7000000e+01   5.9800000e+02
  -9.1800000e+02  -2.0000000e+00   4.0700000e+02
  -9.7300000e+02   9.8000000e+01   3.2400000e+02
  -9.6400000e+02   1.3200000e+02   7.1000000e+01
  -8.1200000e+02   3.4300000e+02  -3.3500000e+02
  -9.2100000e+02   3.7400000e+02  -1.6400000e+02
  -9.6900000e+02   2.3400000e+02  -9.7000000e+01
  -9.7900000e+02   2.1000000e+02   6.3000000e+01
  -9.4500000e+02   1.2600000e+02   1.3000000e+02
  -9.4300000e+02   4.7000000e+01   3.9100000e+02
  -8.7400000e+02  -9.9000000e+01   6.3300000e+02
  -7.5300000e+02  -1.3200000e+02   6.6700000e+02
  -6.0800000e+02  -1.3700000e+02   8.0200000e+02
  -4.7100000e+02  -1.4800000e+02   9.2100000e+02
  -3.2600000e+02  -1.6800000e+02   9.9400000e+02
  -2.2900000e+02  -1.7100000e+02   1.0560000e+03
  -1.1900000e+02  -2.4500000e+02   1.0720000e+03
  -1.0700000e+02  -1.8000000e+02   1.0990000e+03
  -1.9100000e+02  -1.5500000e+02   1.0400000e+03
  -3.7200000e+02  -1.1900000e+02   9.4400000e+02
  -5.8000000e+02  -8.8000000e+01   8.4400000e+02
  -7.7200000e+02  -1.5000000e+01   6.4300000e+02
  -8.7100000e+02  -3.6000000e+01   3.0600000e+02
  -1.0240000e+03   7.3000000e+01   2.4100000e+02
  -9.5900000e+02   7.5000000e+01  -4.2000000e+01
  -8.9200000e+02   3.4400000e+02  -2.9400000e+02
  -9.4400000e+02   3.0300000e+02  -1.7800000e+02
  -9.5300000e+02   1.6700000e+02  -1.1000000e+01
  -1.0010000e+03   1.4500000e+02   1.9300000e+02
  -9.3200000e+02   5.1000000e+01   3.0400000e+02
  -8.6300000e+02  -4.1000000e+01   5.8000000e+02
  -7.4900000e+02  -1.5700000e+02   6.7600000e+02
  -5.9300000e+02  -2.6600000e+02   8.2100000e+02
  -4.7300000e+02  -3.5400000e+02   8.4400000e+02
  -3.2800000e+02  -3.8300000e+02   9.1900000e+02
  -2.0700000e+02  -3.3800000e+02   9.4400000e+02
  -1.2500000e+02  -3.2300000e+02   1.0890000e+03
  -1.3400000e+02  -2.9900000e+02   1.0800000e+03
  -2.4800000e+02  -3.3800000e+02   1.0410000e+03
  -4.0000000e+02  -2.3100000e+02   9.1200000e+02
  -5.8300000e+02  -2.4000000e+02   8.3700000e+02
  -7.6300000e+02  -2.1000000e+01   6.7900000e+02
  -8.4600000e+02   1.3300000e+02   4.7800000e+02
  -9.5900000e+02   1.3300000e+02   3.3100000e+02
  -9.4400000e+02   3.7800000e+02  -1.4000000e+01
  -8.9800000e+02   3.8200000e+02  -7.6000000e+01
  -9.0500000e+02   4.3400000e+02  -1.5300000e+02
  -9.3300000e+02   3.3000000e+02   1.2000000e+01
  -9.1700000e+02   2.0500000e+02   1.1800000e+02
  -9.2100000e+02   9.6000000e+01   4.1300000e+02
  -8.2400000e+02   5.3000000e+01   5.9200000e+02
  -7.3200000e+02  -9.3000000e+01   7.1800000e+02
  -6.0000000e+02  -6.1000000e+01   8.6700000e+02
  -4.5300000e+02  -4.7000000e+01   9.8100000e+02
  -2.8700000e+02  -4.9000000e+01   1.0270000e+03
  -1.8600000e+02  -1.2500000e+02   1.0960000e+03
  -1.2900000e+02  -8.5000000e+01   1.0650000e+03
  -1.4100000e+02  -9.9000000e+01   1.0860000e+03
  -2.7700000e+02  -1.4200000e+02   1.0410000e+03
  -4.9000000e+02  -2.3200000e+02   9.4700000e+02
  -6.1300000e+02  -2.7600000e+02   7.8400000e+02
  -7.5400000e+02  -1.1400000e+02   5.5400000e+02
  -9.0100000e+02   5.8000000e+01   4.8200000e+02
  -9.5200000e+02   6.1000000e+01   3.0100000e+02
  -9.6300000e+02   1.7300000e+02   1.4500000e+02
  -9.6300000e+02   2.4500000e+02  -2.5000000e+01
  -8.8800000e+02   4.4400000e+02  -2.1500000e+02
  -8.4300000e+02   4.1500000e+02  -2.6600000e+02
  -9.4000000e+02   3.3600000e+02  -1.6000000e+01
  -9.8000000e+02   1.4800000e+02   1.7900000e+02
