  -9.4400000e+02   2.4000000e+02  -2.9000000e+01
  -9.5500000e+02   2.9400000e+02   3.9000000e+01
  -9.5400000e+02   1.8700000e+02   1.1000000e+02
  -9.3800000e+02   1.5400000e+02   3.2200000e+02
  -8.4200000e+02   1.5600000e+02   5.4000000e+02
  -7.3000000e+02   1.5400000e+02   7.3800000e+02
  -5.2200000e+02   1.1400000e+02   8.4700000e+02
  -3.2700000e+02   6.6000000e+01   9.8600000e+02
  -3.8000000e+01  -2.7000000e+01   1.0460000e+03
  -3.8000000e+01  -2.7000000e+01   1.0460000e+03
   3.7800000e+02  -8.3000000e+01   9.4000000e+02
   5.7900000e+02  -1.4000000e+02   8.5000000e+02
   7.0700000e+02  -1.1800000e+02   7.4100000e+02
   7.6700000e+02  -2.1700000e+02   6.5000000e+02
   8.0500000e+02  -1.9800000e+02   6.2700000e+02
   8.4500000e+02  -2.0500000e+02   5.8600000e+02
   8.6000000e+02  -1.9000000e+02   6.2300000e+02
   8.0900000e+02  -1.9600000e+02   7.0600000e+02
   6.3900000e+02  -1.6600000e+02   9.0000000e+02
   3.5700000e+02  -1.0600000e+02   9.7700000e+02
   5.4000000e+01  -4.1000000e+01   1.0830000e+03
  -2.3800000e+02  -2.6000000e+01   9.2000000e+02
  -5.2600000e+02   1.0000000e+00   8.3900000e+02
  -7.0600000e+02   7.7000000e+01   7.5300000e+02
  -8.0300000e+02   1.2500000e+02   6.0100000e+02
  -9.1100000e+02   1.6800000e+02   3.8900000e+02
  -9.0900000e+02   3.1600000e+02   6.4000000e+01
  -8.8400000e+02   3.6100000e+02  -1.1300000e+02
  -8.7600000e+02   5.4000000e+02  -1.2400000e+02
  -8.7300000e+02   4.2200000e+02  -1.4000000e+01
  -8.7800000e+02   2.5400000e+02   1.1600000e+02
  -8.1900000e+02   3.2800000e+02   4.3700000e+02
  -6.7800000e+02   3.1800000e+02   6.4600000e+02
  -4.4800000e+02   3.0300000e+02   8.2100000e+02
  -2.4000000e+02   3.6100000e+02   1.0350000e+03
  -2.8000000e+01   1.9600000e+02   1.0490000e+03
   1.5800000e+02   1.5000000e+02   1.0030000e+03
   3.4000000e+02   1.1900000e+02   1.0090000e+03
   2.5600000e+02   5.7000000e+01   9.1800000e+02
   6.4300000e+02  -2.6000000e+01   8.6600000e+02
   7.1700000e+02  -8.6000000e+01   7.1100000e+02
   7.6900000e+02  -6.0000000e+01   6.7800000e+02
   8.2400000e+02  -1.1600000e+02   5.9700000e+02
   8.4900000e+02  -1.6300000e+02   5.4900000e+02
   8.3400000e+02  -1.3300000e+02   6.2300000e+02
   8.0300000e+02   3.3000000e+01   7.7600000e+02
   5.7200000e+02   1.1200000e+02   9.2700000e+02
   1.6100000e+02   3.0000000e+01   1.0160000e+03
  -1.9800000e+02   8.0000000e+01   9.8500000e+02
  -4.4500000e+02   3.1000000e+01   8.8400000e+02
  -6.2000000e+02   4.9000000e+01   7.7900000e+02
  -7.9000000e+02   1.4500000e+02   5.9100000e+02
  -8.7500000e+02   8.4000000e+01   5.3000000e+02
  -9.2500000e+02   1.7100000e+02   1.8200000e+02
  -9.7000000e+02   2.6700000e+02   1.7600000e+02
  -9.0600000e+02   3.5600000e+02   0.0000000e+00
  -9.4200000e+02   2.6300000e+02   9.3000000e+01
  -9.3900000e+02   1.6700000e+02   3.4100000e+02
  -8.5900000e+02   1.2400000e+02   5.1200000e+02
  -7.6900000e+02  -6.8000000e+01   6.3900000e+02
  -6.0800000e+02  -8.2000000e+01   7.8600000e+02
  -4.3100000e+02   6.6000000e+01   9.0900000e+02
  -1.7700000e+02   1.3100000e+02   1.0480000e+03
   1.4100000e+02   2.3000000e+01   1.0640000e+03
   3.4000000e+02   4.2000000e+01   1.0490000e+03
   5.6800000e+02  -5.0000000e+01   9.0300000e+02
   7.1400000e+02  -1.0600000e+02   8.0100000e+02
   7.8400000e+02  -1.4700000e+02   6.8200000e+02
   8.2400000e+02  -1.2700000e+02   6.1000000e+02
   8.5500000e+02  -1.2200000e+02   5.5500000e+02
   8.3200000e+02  -6.8000000e+01   6.8600000e+02
   7.3800000e+02  -4.4000000e+01   8.1200000e+02
   5.3100000e+02  -9.0000000e+00   9.1800000e+02
   1.5900000e+02   6.0000000e+01   1.0670000e+03
   1.5900000e+02   6.0000000e+01   1.0670000e+03
  -4.2200000e+02   9.0000000e+00   8.7200000e+02
  -6.5100000e+02   2.9000000e+01   7.5800000e+02
  -8.0600000e+02   4.1000000e+01   5.2300000e+02
  -9.2000000e+02   1.4100000e+02   4.9100000e+02
  -9.3100000e+02   6.3000000e+01   2.3400000e+02
  -9.5200000e+02   2.6500000e+02   1.6000000e+02
  -8.8100000e+02   3.9800000e+02   4.1000000e+01
  -9.2700000e+02   2.2500000e+02   2.1700000e+02
  -8.9300000e+02   3.0200000e+02   3.7100000e+02
  -8.0400000e+02   1.1200000e+02   5.8800000e+02
  -6.6800000e+02   6.9000000e+01   7.4700000e+02
  -4.9200000e+02   5.2000000e+01   8.6900000e+02
  -3.0600000e+02   9.9000000e+01   9.5400000e+02
  -3.7000000e+01   1.2000000e+02   1.0490000e+03
   2.0200000e+02   9.8000000e+01   1.0070000e+03
   3.8700000e+02   7.0000000e+00   9.2700000e+02
   5.6600000e+02  -2.5000000e+01   8.9600000e+02
   6.9200000e+02  -8.5000000e+01   7.8600000e+02
   7.9900000e+02  -1.3600000e+02   6.7300000e+02
   8.3900000e+02  -1.9500000e+02   5.5700000e+02
   8.7300000e+02  -1.8700000e+02   4.7800000e+02
