   2.1000000e+01   7.0000000e+01   1.0380000e+03
   2.1000000e+01   7.0000000e+01   1.0380000e+03
  -1.6700000e+02   5.5000000e+01   1.0560000e+03
  -3.0800000e+02   9.5000000e+01   9.7100000e+02
  -4.1100000e+02   5.6000000e+01   9.4200000e+02
  -5.5000000e+02   1.0300000e+02   8.4200000e+02
  -6.5600000e+02   1.2900000e+02   8.0000000e+02
  -7.3700000e+02   1.1500000e+02   7.0600000e+02
  -8.1000000e+02   5.9000000e+01   6.5100000e+02
  -8.7800000e+02   4.7000000e+01   4.9500000e+02
  -8.9800000e+02   1.5000000e+02   3.6300000e+02
  -9.2900000e+02   2.8200000e+02   2.4400000e+02
  -8.9900000e+02   3.8500000e+02   5.0000000e+00
  -8.9900000e+02   4.6700000e+02  -5.5000000e+01
  -9.1800000e+02   4.2100000e+02  -6.0000000e+01
  -9.2100000e+02   3.3800000e+02   4.7000000e+01
  -9.1900000e+02   2.1300000e+02   1.9200000e+02
  -9.4900000e+02   1.6300000e+02   4.0100000e+02
  -9.0200000e+02   8.9000000e+01   4.0600000e+02
  -8.6100000e+02   1.2600000e+02   5.9100000e+02
  -7.8700000e+02   7.0000000e+01   6.5700000e+02
  -7.1200000e+02   1.1000000e+02   7.2400000e+02
  -6.2100000e+02   1.5000000e+01   8.6800000e+02
  -4.9200000e+02  -6.9000000e+01   8.1400000e+02
  -3.7400000e+02  -5.9000000e+01   9.8400000e+02
  -2.2800000e+02  -1.5000000e+01   1.0460000e+03
  -1.3200000e+02  -4.2000000e+01   1.0410000e+03
  -8.9000000e+01   4.0000000e+00   1.0920000e+03
  -7.5000000e+01   4.0000000e+00   1.0540000e+03
  -7.5000000e+01   4.0000000e+00   1.0540000e+03
  -2.1500000e+02  -5.6000000e+01   1.0380000e+03
  -3.8400000e+02  -5.7000000e+01   9.4300000e+02
  -6.1100000e+02   5.7000000e+01   8.3300000e+02
  -7.4600000e+02  -4.2000000e+01   6.9400000e+02
  -8.4600000e+02   7.3000000e+01   5.8600000e+02
  -9.0600000e+02   1.6400000e+02   3.8800000e+02
  -9.2300000e+02   2.1000000e+02   2.1800000e+02
  -9.5100000e+02   2.7300000e+02   1.8000000e+02
  -9.3500000e+02   3.6300000e+02   9.1000000e+01
  -9.3200000e+02   3.9100000e+02  -1.6000000e+01
  -8.9400000e+02   4.4600000e+02  -1.1700000e+02
  -8.9800000e+02   4.3000000e+02  -4.2000000e+01
  -9.0300000e+02   4.2800000e+02   1.9000000e+01
  -9.2400000e+02   3.0100000e+02   1.1200000e+02
  -9.6500000e+02   1.4700000e+02   2.5200000e+02
  -9.3100000e+02   4.1000000e+01   3.9900000e+02
  -8.2000000e+02   2.7000000e+01   6.1300000e+02
  -7.0200000e+02  -1.2000000e+01   7.7200000e+02
  -5.7400000e+02  -7.3000000e+01   8.7000000e+02
  -4.2100000e+02  -1.2200000e+02   9.1900000e+02
  -5.1200000e+02  -5.7000000e+01   9.9500000e+02
  -1.5000000e+02  -2.9000000e+01   1.0820000e+03
  -1.1100000e+02  -3.4000000e+01   1.0980000e+03
  -1.7600000e+02  -3.5000000e+01   1.0860000e+03
  -3.8500000e+02   4.7000000e+01   9.5500000e+02
  -5.9800000e+02   4.1000000e+01   8.1000000e+02
  -7.7100000e+02   7.0000000e+00   6.4300000e+02
  -8.8000000e+02  -5.8000000e+01   4.9600000e+02
  -9.8400000e+02   7.3000000e+01   2.4600000e+02
  -9.8100000e+02   1.5300000e+02  -1.0000000e+01
  -9.7900000e+02   2.2900000e+02  -2.1800000e+02
  -9.0600000e+02   3.4100000e+02  -2.9500000e+02
  -9.3700000e+02   2.0900000e+02  -2.3900000e+02
  -9.8900000e+02   2.2500000e+02   3.1000000e+01
  -9.7100000e+02   1.5800000e+02   8.9000000e+01
  -9.6400000e+02   9.0000000e+01   2.5900000e+02
  -9.0800000e+02   1.5000000e+01   4.5000000e+02
  -8.2100000e+02  -4.6000000e+01   6.3100000e+02
  -6.9200000e+02  -9.7000000e+01   7.1100000e+02
  -5.5700000e+02  -6.0000000e+01   9.0500000e+02
  -4.3900000e+02  -9.6000000e+01   9.3800000e+02
  -3.0800000e+02  -1.4000000e+01   1.0260000e+03
  -1.5400000e+02  -4.5000000e+01   1.0600000e+03
  -1.0500000e+02  -1.7000000e+01   1.0780000e+03
  -1.0500000e+02  -1.7000000e+01   1.0780000e+03
  -2.8800000e+02  -8.7000000e+01   1.0910000e+03
  -4.6700000e+02  -8.0000000e+01   8.9900000e+02
  -6.7900000e+02  -1.2500000e+02   7.7800000e+02
  -7.9400000e+02  -2.9000000e+01   4.8100000e+02
  -9.1500000e+02   3.0000000e+01   5.3800000e+02
  -9.2600000e+02   6.0000000e+01   2.9600000e+02
  -9.6700000e+02   2.0500000e+02   1.5200000e+02
  -9.4600000e+02   2.9200000e+02  -2.0000000e+00
  -9.3200000e+02   3.1800000e+02  -8.4000000e+01
  -8.5000000e+02   4.9200000e+02  -3.2900000e+02
  -8.9100000e+02   3.5700000e+02  -1.8200000e+02
  -9.6100000e+02   2.5800000e+02   3.0000000e+01
  -9.5900000e+02   2.6700000e+02   1.0800000e+02
  -9.5100000e+02   1.8400000e+02   2.5600000e+02
  -8.9200000e+02   7.9000000e+01   4.7700000e+02
  -8.0800000e+02   6.5000000e+01   6.2000000e+02
  -7.0200000e+02   7.0000000e+00   7.4000000e+02
  -5.6500000e+02   1.5000000e+01   8.5100000e+02
  -4.4000000e+02   5.0000000e+01   9.3300000e+02
  -2.8800000e+02   6.1000000e+01   1.0230000e+03
  -1.8200000e+02   7.0000000e+00   1.0560000e+03
