  -3.0800000e+02  -1.6500000e+02   9.7000000e+02
  -2.5000000e+02  -1.6500000e+02   9.7300000e+02
  -1.4700000e+02  -1.2600000e+02   9.6800000e+02
   9.8000000e+01  -1.0000000e+02   9.5000000e+02
   2.6100000e+02   1.2200000e+02   1.0320000e+03
   4.6500000e+02   6.2000000e+01   9.4400000e+02
   7.2600000e+02   7.9000000e+01   7.5600000e+02
   7.9400000e+02   1.2800000e+02   6.9900000e+02
   8.9900000e+02   3.4000000e+01   5.4700000e+02
   9.5300000e+02  -5.6000000e+01   3.8800000e+02
   9.4300000e+02   1.1000000e+01   4.1700000e+02
   9.1800000e+02   3.4000000e+01   5.0500000e+02
   8.2000000e+02   5.7000000e+01   6.4500000e+02
   6.6900000e+02   6.8000000e+01   8.2200000e+02
   4.6500000e+02   4.0000000e+01   9.1600000e+02
   1.9900000e+02   4.5000000e+01   1.0630000e+03
  -7.0000000e+00   5.7000000e+01   9.9700000e+02
  -1.9200000e+02   1.1400000e+02   1.0130000e+03
  -3.1600000e+02   8.1000000e+01   9.1200000e+02
  -3.8800000e+02   3.8000000e+01   8.5200000e+02
  -3.8300000e+02   3.0000000e+01   9.1800000e+02
  -3.1200000e+02   5.2000000e+01   9.2900000e+02
  -2.4400000e+02   7.4000000e+01   1.0330000e+03
  -1.1800000e+02   6.3000000e+01   9.9600000e+02
   3.7000000e+01   4.9000000e+01   1.0920000e+03
   1.9000000e+02   8.3000000e+01   1.0450000e+03
   3.4200000e+02   5.9000000e+01   9.2100000e+02
   4.7100000e+02   7.0000000e+01   9.6500000e+02
   6.1600000e+02  -1.0000000e+00   8.1800000e+02
   7.1200000e+02   4.8000000e+01   7.5600000e+02
   8.1600000e+02  -2.0000000e+01   6.4900000e+02
   8.7900000e+02   7.7000000e+01   5.7900000e+02
   8.9400000e+02   1.0000000e+01   5.0000000e+02
   9.3800000e+02  -4.0000000e+00   4.3200000e+02
   9.4900000e+02  -3.3000000e+01   3.9200000e+02
   9.1400000e+02   2.0000000e+00   5.0800000e+02
   9.0300000e+02   1.3000000e+01   5.7700000e+02
   7.8500000e+02   8.8000000e+01   7.2900000e+02
   5.9700000e+02   3.4000000e+01   8.9100000e+02
   3.6900000e+02  -6.4000000e+01   9.6700000e+02
   9.2000000e+01  -8.9000000e+01   1.0280000e+03
  -1.5000000e+02  -8.1000000e+01   1.0000000e+03
  -3.3700000e+02   4.6000000e+01   9.6400000e+02
  -4.7000000e+02   1.5600000e+02   8.5500000e+02
  -4.7500000e+02   1.9600000e+02   7.7800000e+02
  -3.7100000e+02   2.3900000e+02   9.3200000e+02
  -2.4300000e+02   2.3600000e+02   9.7600000e+02
  -8.5000000e+01   2.8800000e+02   9.6300000e+02
   7.8000000e+01   3.1300000e+02   1.0010000e+03
   2.7000000e+02   2.6600000e+02   1.0040000e+03
   4.8700000e+02   1.8600000e+02   9.2200000e+02
   6.6200000e+02   1.0700000e+02   7.3300000e+02
   7.8800000e+02   1.3200000e+02   7.3200000e+02
   8.8400000e+02   4.6000000e+01   5.4900000e+02
   9.2200000e+02  -1.3000000e+01   4.5500000e+02
   9.4400000e+02   3.8000000e+01   3.7500000e+02
   9.5200000e+02   4.2000000e+01   4.0800000e+02
   8.9400000e+02   9.0000000e+01   6.1300000e+02
   7.6600000e+02   3.2000000e+01   7.6900000e+02
   4.3500000e+02   1.5000000e+01   9.7200000e+02
   1.3200000e+02   1.5000000e+01   1.0560000e+03
  -1.7400000e+02  -7.3000000e+01   9.4200000e+02
  -3.7500000e+02  -5.4000000e+01   8.3800000e+02
  -4.6200000e+02  -5.5000000e+01   8.9100000e+02
  -3.7400000e+02  -4.5000000e+01   9.3100000e+02
  -2.6100000e+02  -2.0000000e+00   1.0200000e+03
  -7.6000000e+01   3.2000000e+01   1.0650000e+03
   8.6000000e+01   9.9000000e+01   1.0510000e+03
   3.1600000e+02   1.4700000e+02   9.4200000e+02
   5.3700000e+02   1.7600000e+02   8.7700000e+02
   7.2100000e+02   1.5100000e+02   8.0100000e+02
   8.0200000e+02   1.6400000e+02   6.5000000e+02
   8.4900000e+02   1.9000000e+02   6.0900000e+02
   9.0200000e+02   1.1500000e+02   5.1900000e+02
   9.0900000e+02   4.4000000e+01   4.9800000e+02
   8.7900000e+02   9.1000000e+01   5.9800000e+02
   7.9400000e+02   2.1400000e+02   8.4700000e+02
   4.8400000e+02   1.0300000e+02   8.6500000e+02
   1.6200000e+02   9.1000000e+01   9.9000000e+02
  -1.1400000e+02  -3.7000000e+01   9.9300000e+02
  -2.7800000e+02  -2.1000000e+01   9.8500000e+02
  -3.1600000e+02  -4.4000000e+01   9.1400000e+02
  -2.4000000e+02  -3.2000000e+01   9.6400000e+02
  -1.0200000e+02  -1.7000000e+01   1.0380000e+03
   7.2000000e+01  -2.1000000e+01   9.9600000e+02
   3.0500000e+02  -9.6000000e+01   9.3400000e+02
   5.3900000e+02   7.0000000e+00   9.0500000e+02
   7.1100000e+02   3.0000000e+01   8.1000000e+02
   7.9800000e+02   7.0000000e+00   6.5700000e+02
   8.7500000e+02  -2.2000000e+01   5.1000000e+02
   9.0000000e+02   1.0000000e+00   5.3900000e+02
   8.5900000e+02   4.7000000e+01   6.2400000e+02
   7.9800000e+02   1.1000000e+01   7.7700000e+02
   6.0500000e+02   5.0000000e+00   8.9400000e+02
   2.5400000e+02   3.0000000e+00   9.7800000e+02
  -4.7000000e+01   6.9000000e+01   1.0280000e+03
