   9.0400000e+02  -2.2900000e+02   4.1000000e+02
   8.8300000e+02  -2.1200000e+02   5.2400000e+02
   8.2900000e+02  -2.5000000e+02   6.2300000e+02
   7.2400000e+02  -2.2900000e+02   7.3100000e+02
   5.6500000e+02  -2.0600000e+02   8.9000000e+02
   2.8000000e+02  -1.7600000e+02   1.0270000e+03
  -3.2000000e+01  -1.2800000e+02   1.0260000e+03
  -3.3700000e+02  -7.8000000e+01   9.2400000e+02
  -5.3400000e+02  -2.1000000e+01   8.5800000e+02
  -7.0200000e+02   2.3000000e+01   7.3800000e+02
  -8.1700000e+02   1.1000000e+02   5.7200000e+02
  -9.0200000e+02   8.1000000e+01   4.7000000e+02
  -9.3300000e+02   1.0500000e+02   2.4900000e+02
  -9.9100000e+02   1.3700000e+02   8.6000000e+01
  -9.4600000e+02   3.4100000e+02  -1.7900000e+02
  -9.2900000e+02   2.4000000e+02  -4.6000000e+01
  -9.6200000e+02   1.5600000e+02   2.6800000e+02
  -8.8300000e+02   1.6300000e+02   3.8300000e+02
  -7.2000000e+02   1.9300000e+02   6.4700000e+02
  -4.2200000e+02   2.0300000e+02   9.2300000e+02
  -9.3000000e+01   3.9000000e+02   1.0300000e+03
   3.1500000e+02   2.4900000e+02   1.0200000e+03
   5.5800000e+02   2.4000000e+01   8.8600000e+02
   7.8000000e+02  -8.1000000e+01   7.5900000e+02
   8.6900000e+02  -1.5200000e+02   5.5600000e+02
   8.5100000e+02  -2.4800000e+02   5.5200000e+02
   7.6800000e+02  -2.1600000e+02   8.2400000e+02
   6.5900000e+02  -1.8800000e+02   9.6700000e+02
   2.5000000e+02  -1.5300000e+02   1.0090000e+03
  -2.8000000e+02  -9.0000000e+00   8.7800000e+02
  -6.6000000e+02   2.1000000e+01   8.3300000e+02
  -7.8500000e+02   1.4400000e+02   4.5400000e+02
  -8.9400000e+02   2.5300000e+02   3.1600000e+02
  -9.3700000e+02   2.1300000e+02   1.1200000e+02
  -9.9900000e+02   1.2200000e+02   1.4200000e+02
  -9.5900000e+02   2.3800000e+02   6.5000000e+01
  -9.2500000e+02   2.2200000e+02   1.3600000e+02
  -8.7200000e+02   3.3600000e+02   5.0200000e+02
  -7.1500000e+02   2.7100000e+02   6.5100000e+02
  -5.0600000e+02   3.3000000e+02   8.3400000e+02
  -2.4400000e+02   2.6200000e+02   7.4000000e+02
  -2.4400000e+02   2.6200000e+02   7.4000000e+02
   5.9800000e+02   1.3900000e+02   9.3800000e+02
   7.7500000e+02   1.1100000e+02   7.5900000e+02
   8.4800000e+02   6.0000000e+00   6.7900000e+02
   9.0400000e+02  -9.5000000e+01   5.7000000e+02
   8.7400000e+02  -9.5000000e+01   6.2600000e+02
   7.9800000e+02  -1.3000000e+01   7.6600000e+02
   6.1800000e+02  -2.3000000e+01   8.9500000e+02
   2.5100000e+02   3.7000000e+01   1.0800000e+03
  -7.4000000e+01  -4.5000000e+01   9.6700000e+02
  -4.3500000e+02   3.4000000e+01   9.7100000e+02
  -7.3900000e+02   8.7000000e+01   5.3100000e+02
  -9.2600000e+02   7.3000000e+01   2.7300000e+02
  -9.8600000e+02   1.5900000e+02   1.5800000e+02
  -9.6100000e+02   2.8000000e+02   6.1000000e+01
  -9.7200000e+02   1.5600000e+02   1.4900000e+02
  -9.1200000e+02   9.0000000e+01   2.4000000e+02
  -8.2000000e+02   8.6000000e+01   5.9100000e+02
  -5.6900000e+02  -8.4000000e+01   8.5500000e+02
  -2.6700000e+02  -1.4300000e+02   1.0080000e+03
   9.5000000e+01  -1.5900000e+02   1.0770000e+03
   4.5500000e+02  -1.7200000e+02   1.0110000e+03
   6.9700000e+02  -2.5000000e+02   8.3400000e+02
   8.1400000e+02  -1.8300000e+02   6.2300000e+02
   8.2300000e+02  -1.5700000e+02   5.4400000e+02
   8.7300000e+02  -1.0800000e+02   6.0600000e+02
   8.2900000e+02  -1.3300000e+02   7.3300000e+02
   5.9000000e+02  -7.6000000e+01   9.5100000e+02
   2.5000000e+02  -9.6000000e+01   1.0830000e+03
   2.5000000e+02  -9.6000000e+01   1.0830000e+03
  -6.1100000e+02  -6.2000000e+01   7.1700000e+02
  -8.3700000e+02  -4.8000000e+01   4.0400000e+02
  -8.9300000e+02   1.7200000e+02   1.1300000e+02
  -9.1000000e+02   3.4800000e+02  -4.1000000e+01
  -9.2300000e+02   1.7200000e+02   3.4000000e+02
  -8.1600000e+02  -2.5000000e+01   4.6000000e+02
  -5.5800000e+02   2.7000000e+01   7.4500000e+02
  -1.9500000e+02   3.6000000e+01   1.0860000e+03
   2.0800000e+02  -6.5000000e+01   1.0450000e+03
   5.7400000e+02  -1.2800000e+02   9.1700000e+02
   7.5600000e+02  -1.0500000e+02   7.9600000e+02
   8.3400000e+02  -1.5600000e+02   6.4900000e+02
   8.4100000e+02  -9.2000000e+01   5.4400000e+02
   8.5800000e+02  -9.0000000e+01   5.3300000e+02
   8.2300000e+02  -1.2000000e+02   7.5000000e+02
   5.9200000e+02  -1.6200000e+02   1.0210000e+03
   1.1700000e+02   2.0000000e+01   1.0980000e+03
  -4.0600000e+02   7.7000000e+01   8.5600000e+02
  -7.0000000e+02   9.6000000e+01   4.1900000e+02
  -9.3000000e+02   1.0200000e+02   2.2700000e+02
  -9.4900000e+02   2.9200000e+02   1.7000000e+01
  -9.3900000e+02   1.8900000e+02   6.0000000e+01
  -8.2700000e+02   1.3800000e+02   3.3400000e+02
  -5.4100000e+02   9.8000000e+01   7.5600000e+02
  -4.9000000e+01   7.0000000e+00   1.0040000e+03
