  -3.5900000e+02  -1.0000000e+02   9.8000000e+02
  -3.5200000e+02  -9.0000000e+01   9.8600000e+02
  -3.5800000e+02  -1.0000000e+02   9.7000000e+02
  -3.6100000e+02  -7.7000000e+01   9.7000000e+02
  -3.5000000e+02  -6.1000000e+01   9.7800000e+02
  -3.4700000e+02  -8.0000000e+01   9.9100000e+02
  -3.4400000e+02  -7.4000000e+01   9.7400000e+02
  -3.4900000e+02  -7.4000000e+01   9.8000000e+02
  -3.1200000e+02  -7.3000000e+01   9.6200000e+02
  -2.7900000e+02  -7.7000000e+01   9.5800000e+02
  -1.9400000e+02  -9.8000000e+01   1.0020000e+03
  -7.5000000e+01  -1.3800000e+02   9.8100000e+02
   6.4000000e+01  -9.9000000e+01   1.0440000e+03
   2.4600000e+02  -1.3800000e+02   9.8100000e+02
   3.5900000e+02  -1.4200000e+02   9.9500000e+02
   5.2100000e+02  -1.8300000e+02   8.7300000e+02
   6.7600000e+02  -1.6300000e+02   7.8600000e+02
   8.1500000e+02  -1.0800000e+02   6.9600000e+02
   8.6200000e+02  -1.4700000e+02   5.5000000e+02
   8.6600000e+02  -1.2400000e+02   5.6300000e+02
   8.3600000e+02  -9.8000000e+01   6.5400000e+02
   7.1000000e+02  -2.6000000e+01   8.3600000e+02
   4.9600000e+02   1.0000000e+02   9.4100000e+02
   2.5100000e+02   1.0300000e+02   9.9500000e+02
  -2.1000000e+01   1.5900000e+02   1.0400000e+03
  -2.3800000e+02   1.0700000e+02   1.0160000e+03
  -4.0500000e+02   3.3000000e+01   8.2900000e+02
  -4.9600000e+02   8.3000000e+01   8.5300000e+02
  -4.4100000e+02   5.4000000e+01   1.0010000e+03
  -3.4700000e+02   8.5000000e+01   9.8000000e+02
  -2.1700000e+02   6.6000000e+01   9.3900000e+02
  -1.7000000e+01   4.4000000e+01   1.0050000e+03
   1.5900000e+02   5.4000000e+01   1.0510000e+03
   4.0200000e+02   1.7000000e+01   9.2200000e+02
   5.9200000e+02  -6.9000000e+01   8.9400000e+02
   7.2500000e+02  -1.4000000e+02   7.5200000e+02
   7.9300000e+02  -1.4500000e+02   6.5400000e+02
   8.5900000e+02  -1.2200000e+02   5.8200000e+02
   8.5400000e+02  -9.9000000e+01   5.4900000e+02
   8.1100000e+02  -1.2800000e+02   6.5700000e+02
   7.1600000e+02  -4.9000000e+01   7.8500000e+02
   5.4700000e+02  -2.8000000e+01   9.4000000e+02
   2.8200000e+02   5.3000000e+01   9.7000000e+02
   2.9000000e+01   6.7000000e+01   1.0230000e+03
  -1.5100000e+02   5.8000000e+01   1.0180000e+03
  -3.2100000e+02   8.5000000e+01   9.6400000e+02
  -3.6700000e+02   1.0100000e+02   8.3700000e+02
  -2.4200000e+02   1.0600000e+02   9.8400000e+02
  -1.9000000e+01   8.1000000e+01   1.0330000e+03
   2.4600000e+02   7.6000000e+01   1.0130000e+03
   5.4400000e+02   5.1000000e+01   9.9400000e+02
   6.9800000e+02  -2.2000000e+01   7.9800000e+02
   8.2100000e+02  -1.0600000e+02   6.4600000e+02
   8.4600000e+02  -6.5000000e+01   5.5600000e+02
   8.3600000e+02  -5.4000000e+01   7.2600000e+02
   7.1000000e+02  -1.0900000e+02   8.0100000e+02
   4.7800000e+02   1.6000000e+01   8.7900000e+02
   2.0900000e+02   1.0900000e+02   9.8700000e+02
  -1.0000000e+00   7.2000000e+01   1.0240000e+03
  -1.7000000e+02   7.4000000e+01   9.8400000e+02
  -2.7800000e+02   3.6000000e+01   9.1400000e+02
  -2.4200000e+02   2.3000000e+01   9.3400000e+02
  -6.8000000e+01   2.7000000e+01   1.0340000e+03
   1.9100000e+02   5.7000000e+01   1.0280000e+03
   4.6900000e+02   1.2000000e+01   9.8000000e+02
   6.8300000e+02  -3.8000000e+01   8.1900000e+02
   7.5700000e+02  -8.2000000e+01   7.1600000e+02
   8.2100000e+02  -1.2600000e+02   5.9000000e+02
   8.3100000e+02  -1.4600000e+02   6.6900000e+02
   7.6600000e+02  -8.7000000e+01   7.6800000e+02
   5.9000000e+02  -8.5000000e+01   8.8900000e+02
   3.3600000e+02   1.9000000e+01   9.0300000e+02
   1.4900000e+02   4.0000000e+00   9.8500000e+02
  -3.7000000e+01   3.3000000e+01   1.0180000e+03
  -2.0000000e+02   6.0000000e+01   9.5500000e+02
  -3.2400000e+02   1.4400000e+02   9.9800000e+02
  -3.4300000e+02   1.2300000e+02   8.4300000e+02
  -2.6900000e+02   1.2000000e+02   1.0170000e+03
  -8.2000000e+01   4.7000000e+01   9.0700000e+02
   4.6000000e+01   5.3000000e+01   1.0190000e+03
   2.5200000e+02   5.5000000e+01   9.8800000e+02
   5.1200000e+02  -6.3000000e+01   9.1500000e+02
   7.1300000e+02  -7.0000000e+01   8.2900000e+02
   7.8300000e+02  -8.6000000e+01   7.2700000e+02
   8.1700000e+02  -9.1000000e+01   6.1600000e+02
   8.5100000e+02  -9.2000000e+01   5.7700000e+02
   8.3800000e+02  -6.0000000e+01   6.8400000e+02
   7.2600000e+02   4.0000000e+00   7.5800000e+02
   5.0300000e+02   1.2700000e+02   9.0400000e+02
   2.8500000e+02   8.8000000e+01   9.5100000e+02
   9.0000000e+01  -3.4000000e+01   1.0440000e+03
  -4.3000000e+01  -7.7000000e+01   1.0760000e+03
  -1.4600000e+02  -1.5000000e+01   9.5500000e+02
  -2.5400000e+02   2.0000000e+01   9.7700000e+02
  -2.7000000e+02   8.5000000e+01   8.4700000e+02
  -1.8600000e+02   8.0000000e+01   1.0060000e+03
