  -1.6400000e+02  -1.1800000e+02   1.0050000e+03
  -1.7400000e+02  -1.7000000e+02   1.0350000e+03
  -1.7000000e+02  -1.7000000e+02   1.0090000e+03
  -1.0400000e+02  -1.6700000e+02   9.5400000e+02
   4.3000000e+01  -2.1400000e+02   1.0030000e+03
   2.5200000e+02  -1.3000000e+02   1.0250000e+03
   3.9100000e+02  -1.3000000e+02   9.3300000e+02
   5.7700000e+02   5.8000000e+01   8.8900000e+02
   7.9700000e+02   1.0000000e+00   7.0900000e+02
   8.6300000e+02   1.8000000e+01   6.4300000e+02
   9.1900000e+02  -9.0000000e+01   4.0400000e+02
   9.3400000e+02  -1.0700000e+02   4.4300000e+02
   8.7400000e+02  -4.3000000e+01   5.6900000e+02
   7.9800000e+02   4.7000000e+01   6.8300000e+02
   6.9200000e+02   1.6500000e+02   8.7600000e+02
   4.2200000e+02   1.9900000e+02   9.8400000e+02
   1.5800000e+02   8.4000000e+01   9.9200000e+02
  -5.5000000e+01   8.0000000e+01   9.9600000e+02
  -2.5800000e+02   9.4000000e+01   9.4300000e+02
  -2.9300000e+02   5.6000000e+01   9.4100000e+02
  -2.2300000e+02   2.5000000e+01   9.5100000e+02
  -1.0600000e+02  -4.4000000e+01   1.0380000e+03
   2.8000000e+01  -9.4000000e+01   1.0940000e+03
   2.5900000e+02  -1.4900000e+02   9.8500000e+02
   4.1400000e+02  -9.8000000e+01   9.2000000e+02
   6.3300000e+02  -8.1000000e+01   8.3700000e+02
   7.3300000e+02  -1.4600000e+02   7.5000000e+02
   8.3800000e+02  -1.5400000e+02   5.7700000e+02
   8.7200000e+02  -1.3700000e+02   5.3500000e+02
   8.9800000e+02  -1.5100000e+02   5.0400000e+02
   8.7900000e+02  -1.5900000e+02   5.9900000e+02
   7.5300000e+02  -8.8000000e+01   8.3100000e+02
   4.8200000e+02  -1.5000000e+02   9.1000000e+02
   1.5400000e+02  -1.7900000e+02   1.0330000e+03
  -8.8000000e+01  -1.8100000e+02   9.5600000e+02
  -2.9600000e+02  -1.5800000e+02   9.2700000e+02
  -3.3000000e+02  -7.2000000e+01   8.3300000e+02
  -2.8200000e+02  -2.1000000e+01   9.8300000e+02
  -1.4500000e+02  -3.0000000e+01   1.0040000e+03
  -3.9000000e+01  -2.5000000e+01   1.0380000e+03
   1.2100000e+02  -1.9000000e+01   1.0480000e+03
   3.7200000e+02  -3.3000000e+01   9.8600000e+02
   5.8800000e+02  -1.5000000e+01   8.7000000e+02
   7.6000000e+02  -7.7000000e+01   1.0100000e+03
   8.5900000e+02  -1.0500000e+02   6.3900000e+02
   8.9000000e+02  -1.3000000e+02   4.5000000e+02
   8.9900000e+02  -1.0500000e+02   4.5700000e+02
   8.7300000e+02  -4.3000000e+01   5.5800000e+02
   8.0000000e+02  -5.0000000e+00   7.3500000e+02
   5.6700000e+02   5.7000000e+01   8.8400000e+02
   3.0300000e+02   4.9000000e+01   1.0160000e+03
   4.3000000e+01   6.0000000e+00   1.0640000e+03
  -1.3900000e+02  -4.9000000e+01   9.8500000e+02
  -3.0200000e+02  -7.2000000e+01   9.6500000e+02
  -3.2900000e+02  -8.3000000e+01   8.7400000e+02
  -2.6000000e+02  -5.9000000e+01   9.7900000e+02
  -1.4100000e+02  -6.3000000e+01   1.0220000e+03
  -2.0000000e+00  -4.7000000e+01   1.0160000e+03
   1.5800000e+02  -4.0000000e+00   1.0260000e+03
   2.5200000e+02   2.7000000e+01   1.0980000e+03
   4.6500000e+02   8.8000000e+01   9.1400000e+02
   5.9300000e+02   2.5000000e+01   8.1800000e+02
   7.3100000e+02   1.1400000e+02   7.4500000e+02
   8.3500000e+02   7.7000000e+01   6.3400000e+02
   9.2500000e+02   3.4000000e+01   5.1100000e+02
   9.2800000e+02  -2.8000000e+01   3.9100000e+02
   9.4500000e+02   6.0000000e+00   4.2200000e+02
   9.1300000e+02   5.6000000e+01   5.5900000e+02
   7.7900000e+02   1.0200000e+02   7.1300000e+02
   5.6400000e+02   1.3000000e+02   8.6700000e+02
   3.3700000e+02   6.5000000e+01   1.0110000e+03
   1.3600000e+02   4.0000000e+00   9.9500000e+02
  -8.0000000e+01  -5.0000000e+00   1.0010000e+03
  -2.0500000e+02  -3.5000000e+01   9.2100000e+02
  -2.6700000e+02  -1.9000000e+01   9.5600000e+02
  -1.8400000e+02  -1.2000000e+01   1.0370000e+03
  -2.4000000e+01  -8.3000000e+01   1.0060000e+03
   1.0000000e+02  -1.3400000e+02   1.0740000e+03
   2.6600000e+02  -5.2000000e+01   9.4900000e+02
   4.6200000e+02  -1.0000000e+02   9.4900000e+02
   6.3900000e+02  -5.7000000e+01   8.4200000e+02
   7.4600000e+02  -3.9000000e+01   7.3300000e+02
   8.4700000e+02  -5.4000000e+01   6.3500000e+02
   8.9400000e+02  -5.1000000e+01   5.1000000e+02
   9.1600000e+02  -1.0200000e+02   4.5300000e+02
   9.0600000e+02  -1.1900000e+02   4.7400000e+02
   8.3000000e+02  -3.5000000e+01   5.9400000e+02
   7.4000000e+02   7.1000000e+01   7.6100000e+02
   5.8200000e+02   1.0000000e+02   8.3100000e+02
   3.9800000e+02   1.3500000e+02   9.4100000e+02
   1.4400000e+02   1.3000000e+02   1.0410000e+03
  -4.7000000e+01   1.7300000e+02   9.9900000e+02
  -2.0100000e+02  -6.0000000e+00   9.2300000e+02
  -2.5700000e+02   9.6000000e+01   9.1300000e+02
  -2.2500000e+02   4.8000000e+01   9.3300000e+02
  -1.0700000e+02   7.4000000e+01   9.9900000e+02
