  -2.3200000e+02   5.1000000e+01   1.0260000e+03
  -1.8600000e+02  -2.0000000e+01   1.0080000e+03
  -6.3000000e+01  -3.7000000e+01   1.0210000e+03
   1.7000000e+01  -6.1000000e+01   1.0590000e+03
   1.6200000e+02  -1.4000000e+02   1.0000000e+03
   3.5200000e+02  -1.1500000e+02   9.3800000e+02
   5.1600000e+02  -9.9000000e+01   8.8800000e+02
   7.2600000e+02  -5.7000000e+01   8.0100000e+02
   8.2800000e+02  -8.0000000e+00   6.5600000e+02
   8.9300000e+02   1.2000000e+01   5.3200000e+02
   9.3800000e+02   7.2000000e+01   4.4400000e+02
   9.3000000e+02   6.0000000e+01   4.6000000e+02
   9.4600000e+02   1.8000000e+02   5.2200000e+02
   8.2400000e+02   1.1300000e+02   6.4700000e+02
   6.2300000e+02   5.8000000e+01   8.8900000e+02
   3.7400000e+02   1.6000000e+01   9.8900000e+02
   1.1500000e+02  -1.4000000e+01   1.0150000e+03
  -1.0100000e+02  -5.0000000e+01   9.9800000e+02
  -2.9400000e+02  -8.0000000e+00   9.5700000e+02
  -4.0400000e+02  -3.5000000e+01   8.8100000e+02
  -3.9800000e+02  -8.0000000e+00   9.0900000e+02
  -2.9300000e+02   3.2000000e+01   1.0060000e+03
  -1.7100000e+02   3.1000000e+01   9.8600000e+02
  -4.2000000e+01   9.0000000e+00   1.0530000e+03
   1.3700000e+02   5.1000000e+01   1.0070000e+03
   3.0500000e+02  -6.0000000e+00   9.9000000e+02
   5.4000000e+02  -5.4000000e+01   8.9500000e+02
   7.2300000e+02  -7.3000000e+01   8.2300000e+02
   8.2400000e+02  -1.2900000e+02   6.0300000e+02
   9.1100000e+02  -3.5000000e+01   4.9400000e+02
   9.4500000e+02  -3.0000000e+01   4.4700000e+02
   9.2600000e+02  -2.5000000e+01   3.9800000e+02
   9.2700000e+02  -2.8000000e+01   5.3600000e+02
   8.0100000e+02   2.2000000e+01   6.5900000e+02
   6.6200000e+02   3.0000000e+01   8.1900000e+02
   5.1900000e+02  -1.8000000e+01   9.3600000e+02
   2.8600000e+02  -2.2000000e+01   9.7000000e+02
   1.0900000e+02  -5.0000000e+00   1.0680000e+03
  -8.3000000e+01  -7.7000000e+01   1.0390000e+03
  -2.8800000e+02  -7.4000000e+01   1.0030000e+03
  -4.6200000e+02  -1.6100000e+02   9.1300000e+02
  -4.9600000e+02  -1.3600000e+02   8.0200000e+02
  -4.3600000e+02  -8.4000000e+01   9.2400000e+02
  -3.0800000e+02  -7.2000000e+01   1.0080000e+03
  -1.6800000e+02   4.9000000e+01   1.0310000e+03
   0.0000000e+00   2.5000000e+01   1.0780000e+03
   8.6000000e+01   1.6000000e+01   1.0460000e+03
   2.6400000e+02   4.2000000e+01   1.0230000e+03
   4.2400000e+02   7.3000000e+01   9.8400000e+02
   6.3300000e+02   4.5000000e+01   8.1600000e+02
   7.6500000e+02   9.3000000e+01   7.4400000e+02
   8.8700000e+02   7.0000000e+00   5.6900000e+02
   8.8000000e+02   5.3000000e+01   5.4100000e+02
   8.6500000e+02   3.2000000e+01   6.4200000e+02
   6.6800000e+02   2.7000000e+01   8.6500000e+02
   4.0500000e+02   7.8000000e+01   9.7900000e+02
   1.1000000e+02   1.3400000e+02   9.8500000e+02
  -1.4000000e+02   1.0000000e+02   9.8000000e+02
  -2.7400000e+02   2.1000000e+01   9.0800000e+02
  -3.0300000e+02   9.0000000e+00   9.1500000e+02
  -2.0500000e+02   2.4000000e+01   1.0110000e+03
  -6.0000000e+01   5.5000000e+01   9.8400000e+02
   1.5300000e+02   5.3000000e+01   1.0620000e+03
   3.6400000e+02  -2.0000000e+00   9.6400000e+02
   5.4700000e+02   2.2000000e+01   8.9700000e+02
   7.3200000e+02  -1.5000000e+01   8.1400000e+02
   8.2500000e+02  -4.3000000e+01   6.3400000e+02
   8.7300000e+02   6.0000000e+00   5.5100000e+02
   9.0900000e+02  -6.0000000e+00   4.4500000e+02
   8.9600000e+02   1.5000000e+01   5.4700000e+02
   8.5500000e+02   1.8000000e+01   5.9800000e+02
   7.7800000e+02  -4.5000000e+01   7.4800000e+02
   5.6900000e+02  -4.0000000e+00   8.8600000e+02
   3.3300000e+02  -6.3000000e+01   1.0120000e+03
   9.8000000e+01  -1.3000000e+01   9.8900000e+02
  -1.1900000e+02  -8.1000000e+01   9.8200000e+02
  -2.2300000e+02  -2.6000000e+01   9.2700000e+02
  -2.6400000e+02   4.4000000e+01   8.9200000e+02
  -1.8300000e+02   4.0000000e+00   9.4100000e+02
  -1.0000000e+02   6.0000000e+01   1.0840000e+03
   7.1000000e+01   6.9000000e+01   1.0090000e+03
   2.7900000e+02   9.5000000e+01   9.7800000e+02
   4.6700000e+02   9.4000000e+01   9.4800000e+02
   6.7500000e+02  -6.0000000e+00   8.2300000e+02
   8.0800000e+02  -6.6000000e+01   7.2300000e+02
   8.6700000e+02  -8.7000000e+01   5.3600000e+02
   8.8700000e+02  -5.3000000e+01   5.3100000e+02
   8.7500000e+02  -4.3000000e+01   5.4300000e+02
   8.2300000e+02  -5.2000000e+01   6.4800000e+02
   7.6400000e+02  -9.0000000e+00   7.7800000e+02
   5.2900000e+02   6.7000000e+01   8.9500000e+02
   2.5900000e+02   1.3500000e+02   9.4600000e+02
   2.1000000e+01   1.6100000e+02   1.0300000e+03
  -1.3500000e+02   9.8000000e+01   9.5800000e+02
  -2.3300000e+02   9.8000000e+01   9.1400000e+02
  -1.5700000e+02   5.9000000e+01   1.0000000e+03
