  -2.3800000e+02   4.0000000e+00   1.0170000e+03
  -1.5000000e+02   4.2000000e+01   1.0060000e+03
  -5.5000000e+01   3.4000000e+01   1.0190000e+03
   9.2000000e+01  -5.0000000e+00   9.3500000e+02
   2.2900000e+02  -6.0000000e+00   9.7300000e+02
   4.3000000e+02  -9.0000000e+00   9.6200000e+02
   5.4900000e+02  -8.2000000e+01   8.5200000e+02
   6.9100000e+02   1.0000000e+00   7.5800000e+02
   8.0000000e+02  -1.1000000e+01   6.8400000e+02
   8.5500000e+02  -1.7000000e+01   6.0600000e+02
   8.7900000e+02  -2.7000000e+01   5.3600000e+02
   8.3200000e+02  -3.3000000e+01   7.0500000e+02
   7.0800000e+02  -2.4000000e+01   8.0800000e+02
   4.7200000e+02   1.0000000e+00   9.5400000e+02
   1.6700000e+02   4.3000000e+01   1.0030000e+03
  -8.9000000e+01   7.5000000e+01   1.0850000e+03
  -2.9400000e+02   5.9000000e+01   1.0140000e+03
  -4.1500000e+02   1.5000000e+01   9.0500000e+02
  -4.8300000e+02  -1.4000000e+01   8.0900000e+02
  -4.5100000e+02   7.3000000e+01   9.3200000e+02
  -3.1300000e+02   5.5000000e+01   9.2900000e+02
  -1.7200000e+02   4.8000000e+01   1.0120000e+03
  -1.1000000e+01   9.7000000e+01   1.0210000e+03
   1.1700000e+02   6.6000000e+01   1.0480000e+03
   2.7700000e+02  -1.0000000e+00   9.1500000e+02
   4.1700000e+02   6.0000000e+00   9.9900000e+02
   5.4100000e+02  -4.3000000e+01   9.1600000e+02
   6.7600000e+02   4.5000000e+01   7.7200000e+02
   7.7400000e+02  -3.0000000e+00   7.3200000e+02
   8.1200000e+02  -9.0000000e+01   6.0800000e+02
   8.5200000e+02  -8.0000000e+01   5.7300000e+02
   8.1400000e+02  -7.2000000e+01   6.9800000e+02
   6.9200000e+02  -9.5000000e+01   7.9800000e+02
   4.5100000e+02  -5.0000000e+01   9.6000000e+02
   2.3500000e+02  -5.9000000e+01   1.0020000e+03
   1.3000000e+01  -9.3000000e+01   1.0300000e+03
  -1.5600000e+02  -3.6000000e+01   1.0100000e+03
  -2.7800000e+02  -5.0000000e+00   9.3200000e+02
  -3.4500000e+02  -5.3000000e+01   8.8500000e+02
  -3.1400000e+02  -6.6000000e+01   9.2400000e+02
  -2.0300000e+02  -2.2000000e+01   9.9600000e+02
  -5.3000000e+01  -3.0000000e+01   9.6200000e+02
   1.0500000e+02   3.4000000e+01   1.0740000e+03
   3.3400000e+02  -1.4000000e+01   9.6700000e+02
   5.0300000e+02   4.5000000e+01   9.3200000e+02
   6.2000000e+02  -8.0000000e+00   8.8000000e+02
   7.2300000e+02  -8.3000000e+01   7.5700000e+02
   7.7700000e+02  -1.1900000e+02   6.6300000e+02
   8.1100000e+02  -1.8900000e+02   6.1500000e+02
   8.3300000e+02  -1.8100000e+02   5.5900000e+02
   8.3000000e+02  -1.9700000e+02   6.3900000e+02
   7.8800000e+02  -7.4000000e+01   7.3600000e+02
   6.3600000e+02   1.1000000e+01   8.6800000e+02
   4.1600000e+02   5.7000000e+01   9.2700000e+02
   2.0000000e+02   7.7000000e+01   1.0740000e+03
  -2.1000000e+01   3.7000000e+01   1.0500000e+03
  -1.8700000e+02   0.0000000e+00   9.5800000e+02
  -2.9900000e+02  -4.2000000e+01   9.9700000e+02
  -3.3900000e+02  -1.0500000e+02   9.6600000e+02
  -3.3700000e+02  -1.2600000e+02   1.0230000e+03
  -2.3900000e+02  -1.3800000e+02   9.5000000e+02
  -1.0500000e+02  -2.2300000e+02   1.0330000e+03
   8.0000000e+01  -1.4700000e+02   1.0110000e+03
   2.2800000e+02  -1.0600000e+02   9.4100000e+02
   3.8600000e+02  -1.5200000e+02   9.2800000e+02
   5.6600000e+02  -2.1500000e+02   8.4600000e+02
   7.4700000e+02  -1.1400000e+02   7.7500000e+02
   8.0000000e+02  -1.6800000e+02   6.6400000e+02
   8.4000000e+02  -1.2000000e+02   5.9000000e+02
   8.3800000e+02  -1.5000000e+02   5.6300000e+02
   7.9100000e+02  -1.5500000e+02   6.9200000e+02
   6.8200000e+02  -7.9000000e+01   8.6700000e+02
   4.5300000e+02  -1.6000000e+01   9.5700000e+02
   1.1700000e+02   1.1000000e+01   1.0300000e+03
  -1.4200000e+02   1.9000000e+01   9.7200000e+02
  -3.4100000e+02   2.6000000e+01   9.8300000e+02
  -4.3300000e+02   3.0000000e+00   9.0600000e+02
  -4.5400000e+02   2.1000000e+01   8.2700000e+02
  -3.7300000e+02  -6.0000000e+00   9.2900000e+02
  -2.6400000e+02   5.1000000e+01   1.0070000e+03
  -1.4800000e+02   9.7000000e+01   9.8400000e+02
   8.0000000e+00   2.9000000e+01   9.9000000e+02
   2.0500000e+02   3.2000000e+01   1.0500000e+03
   3.9900000e+02  -4.4000000e+01   9.4000000e+02
   5.6900000e+02  -1.6000000e+01   9.3000000e+02
   6.8300000e+02  -7.1000000e+01   7.5300000e+02
   7.5700000e+02  -9.5000000e+01   6.9900000e+02
   8.3700000e+02  -9.0000000e+01   6.3100000e+02
   8.3900000e+02  -4.7000000e+01   5.7900000e+02
   8.1700000e+02  -9.4000000e+01   7.3500000e+02
   7.4800000e+02  -2.0000000e+00   7.5100000e+02
   5.2400000e+02   1.0000000e+01   9.2700000e+02
   3.2300000e+02   3.0000000e+00   9.9300000e+02
   1.3200000e+02  -3.9000000e+01   1.0660000e+03
  -3.5000000e+01  -2.5000000e+01   1.0130000e+03
  -1.9400000e+02   1.6000000e+01   1.0220000e+03
