  -4.3000000e+01  -6.2000000e+01   1.0400000e+03
  -7.6000000e+01  -6.1000000e+01   1.0890000e+03
  -1.4000000e+02  -3.4000000e+01   1.0840000e+03
  -2.9000000e+02  -4.8000000e+01   9.6700000e+02
  -4.4700000e+02   7.3000000e+01   9.5400000e+02
  -5.6100000e+02  -8.0000000e+00   8.9400000e+02
  -6.7300000e+02  -1.2300000e+02   7.1200000e+02
  -8.0000000e+02  -4.4000000e+01   6.9700000e+02
  -8.7700000e+02  -2.6000000e+01   5.1700000e+02
  -9.3700000e+02   1.7700000e+02   3.9200000e+02
  -9.9400000e+02   2.2400000e+02   3.3100000e+02
  -9.6700000e+02   2.9700000e+02   8.5000000e+01
  -8.9900000e+02   4.5900000e+02  -1.0500000e+02
  -8.4300000e+02   4.3700000e+02  -2.1100000e+02
  -9.1700000e+02   4.1100000e+02  -6.4000000e+01
  -9.6300000e+02   2.9000000e+02   7.6000000e+01
  -9.6600000e+02   2.7000000e+02   1.7800000e+02
  -9.5000000e+02   1.5500000e+02   2.8800000e+02
  -9.2800000e+02   1.0200000e+02   3.5200000e+02
  -8.6200000e+02   2.3000000e+01   5.5300000e+02
  -7.2800000e+02  -1.9000000e+01   6.3100000e+02
  -6.6700000e+02  -1.1000000e+02   8.6100000e+02
  -5.6200000e+02  -1.7600000e+02   8.6200000e+02
  -4.6200000e+02  -2.0700000e+02   9.2500000e+02
  -3.6800000e+02  -2.4600000e+02   1.0050000e+03
  -2.6800000e+02  -2.9200000e+02   1.0110000e+03
  -2.4800000e+02  -3.0200000e+02   1.0570000e+03
  -3.1600000e+02  -2.9800000e+02   9.8400000e+02
  -4.4700000e+02  -3.7400000e+02   9.3300000e+02
  -5.4900000e+02  -3.1100000e+02   8.1200000e+02
  -6.9400000e+02  -2.0800000e+02   7.2500000e+02
  -8.2700000e+02  -1.7400000e+02   6.0300000e+02
  -9.0900000e+02  -3.0000000e+00   4.5400000e+02
  -9.5400000e+02   1.3700000e+02   3.2200000e+02
  -9.4800000e+02   2.4400000e+02   1.4900000e+02
  -9.5700000e+02   1.8300000e+02   9.0000000e+01
  -9.4500000e+02   3.6400000e+02  -2.5000000e+01
  -9.1800000e+02   3.0400000e+02  -1.0800000e+02
  -9.5600000e+02   2.7800000e+02   8.0000000e+00
  -9.6100000e+02   2.0100000e+02   1.3700000e+02
  -9.5600000e+02   1.7300000e+02   2.7800000e+02
  -9.2400000e+02   9.3000000e+01   4.7900000e+02
  -8.2600000e+02  -4.0000000e+00   5.6200000e+02
  -7.2600000e+02  -1.5000000e+01   7.4300000e+02
  -6.2200000e+02  -1.6000000e+01   8.3000000e+02
  -4.7500000e+02   7.0000000e+00   9.0700000e+02
  -3.6800000e+02  -4.5000000e+01   9.7200000e+02
  -2.6700000e+02  -9.6000000e+01   1.0500000e+03
  -2.0000000e+02  -1.0900000e+02   1.0340000e+03
  -1.9400000e+02  -1.2600000e+02   1.0470000e+03
  -1.9400000e+02  -1.2600000e+02   1.0470000e+03
  -3.1600000e+02  -1.6300000e+02   1.0090000e+03
  -4.4200000e+02  -1.6600000e+02   9.4600000e+02
  -5.8100000e+02  -8.1000000e+01   8.0900000e+02
  -7.4600000e+02  -6.3000000e+01   7.0500000e+02
  -8.3800000e+02   3.0000000e+01   6.3200000e+02
  -9.0400000e+02   1.5600000e+02   5.1300000e+02
  -9.6100000e+02   1.9900000e+02   3.0200000e+02
  -9.4100000e+02   2.6600000e+02   7.8000000e+01
  -9.3200000e+02   3.9100000e+02  -3.2000000e+01
  -8.7600000e+02   3.5300000e+02  -1.5100000e+02
  -9.0400000e+02   3.8200000e+02  -1.1300000e+02
  -9.2000000e+02   4.5300000e+02  -5.7000000e+01
  -9.7000000e+02   2.6000000e+02   1.0500000e+02
  -9.6700000e+02   1.8300000e+02   2.3500000e+02
  -9.4400000e+02   1.6500000e+02   3.7000000e+02
  -9.1200000e+02  -1.3000000e+01   4.4100000e+02
  -8.5100000e+02   4.6000000e+01   5.5200000e+02
  -8.0200000e+02  -4.0000000e+01   6.7600000e+02
  -7.0200000e+02  -2.2000000e+01   7.7600000e+02
  -5.8300000e+02  -5.4000000e+01   8.4200000e+02
  -4.5800000e+02  -1.1100000e+02   9.7900000e+02
  -2.9400000e+02  -6.6000000e+01   1.0150000e+03
  -1.8200000e+02  -3.1000000e+01   1.0180000e+03
  -9.1000000e+01  -4.1000000e+01   1.0100000e+03
  -1.1300000e+02   5.0000000e+00   1.0730000e+03
  -1.8900000e+02   3.3000000e+01   1.0320000e+03
  -3.1300000e+02  -5.9000000e+01   9.9400000e+02
  -4.2100000e+02   1.3000000e+01   9.3700000e+02
  -5.9100000e+02  -1.4000000e+01   8.5600000e+02
  -7.2000000e+02  -1.5000000e+01   7.3400000e+02
  -8.1400000e+02  -3.7000000e+01   6.1200000e+02
  -9.2900000e+02   1.6000000e+02   4.3500000e+02
  -9.4100000e+02   2.0600000e+02   2.2600000e+02
  -9.0800000e+02   2.6500000e+02  -8.1000000e+01
  -8.9300000e+02   4.2500000e+02  -1.5300000e+02
  -8.9600000e+02   4.5000000e+02  -9.0000000e+01
  -9.3300000e+02   3.8800000e+02   9.6000000e+01
  -9.4200000e+02   2.5900000e+02   1.3700000e+02
  -9.4300000e+02   1.4800000e+02   2.8600000e+02
  -9.1100000e+02   8.6000000e+01   3.9900000e+02
  -8.3200000e+02   1.1500000e+02   5.0100000e+02
  -7.7200000e+02   1.6000000e+01   7.8800000e+02
  -6.2200000e+02   2.4000000e+01   7.5900000e+02
  -5.2300000e+02  -2.7000000e+01   9.2300000e+02
  -3.8200000e+02  -7.4000000e+01   9.3400000e+02
