  -9.3300000e+02   3.2900000e+02  -3.3000000e+01
  -9.3100000e+02   3.5200000e+02  -6.3000000e+01
  -9.5500000e+02   3.0500000e+02   1.0000000e+02
  -9.1700000e+02   3.9000000e+01   1.9700000e+02
  -9.0000000e+02   3.6100000e+02   3.4800000e+02
  -8.3600000e+02   3.7300000e+02   4.6900000e+02
  -7.7700000e+02   3.5600000e+02   5.7700000e+02
  -6.9900000e+02   3.0200000e+02   5.7300000e+02
  -6.3800000e+02   2.7900000e+02   7.8600000e+02
  -5.4800000e+02   2.6700000e+02   8.3900000e+02
  -4.5300000e+02   2.0400000e+02   9.0300000e+02
  -3.8500000e+02   2.1300000e+02   9.5600000e+02
  -3.3200000e+02   2.0800000e+02   1.0150000e+03
  -2.5200000e+02   2.0700000e+02   9.4900000e+02
  -2.4100000e+02   1.6700000e+02   1.0200000e+03
  -1.8700000e+02   1.5400000e+02   9.7700000e+02
  -1.0300000e+02   1.2900000e+02   9.9100000e+02
   2.6000000e+01   3.1000000e+01   1.0270000e+03
   1.7500000e+02  -9.2000000e+01   1.0350000e+03
   3.1100000e+02  -1.3200000e+02   9.9500000e+02
   4.7100000e+02  -1.5100000e+02   9.5100000e+02
   6.1700000e+02  -1.3300000e+02   8.5600000e+02
   7.4000000e+02  -8.9000000e+01   7.0600000e+02
   8.1700000e+02  -6.6000000e+01   5.9400000e+02
   9.3600000e+02  -1.2000000e+02   5.2800000e+02
   9.1500000e+02  -8.4000000e+01   4.2000000e+02
   9.5900000e+02  -8.7000000e+01   3.7500000e+02
   9.5100000e+02  -8.4000000e+01   3.8000000e+02
   9.3100000e+02  -7.7000000e+01   4.1100000e+02
   8.8900000e+02  -1.0200000e+02   5.3400000e+02
   7.6400000e+02  -6.3000000e+01   6.9400000e+02
   6.3400000e+02  -9.3000000e+01   8.6400000e+02
   4.6000000e+02  -7.7000000e+01   8.8900000e+02
   3.0900000e+02   2.4000000e+01   1.0620000e+03
   3.1000000e+01   1.1700000e+02   1.0490000e+03
  -1.3900000e+02   1.9400000e+02   1.0090000e+03
  -2.8200000e+02   1.5200000e+02   9.1100000e+02
  -4.1800000e+02   2.2600000e+02   1.0350000e+03
  -5.4800000e+02   1.4200000e+02   8.6600000e+02
  -7.2000000e+02   8.4000000e+01   7.6100000e+02
  -8.8800000e+02   7.1000000e+01   6.2100000e+02
  -9.1500000e+02   9.4000000e+01   2.1100000e+02
  -9.5900000e+02   1.4500000e+02   3.9000000e+01
  -9.5300000e+02   3.2200000e+02   5.0000000e+00
  -9.7000000e+02   2.4800000e+02   1.5300000e+02
  -9.8600000e+02   1.9200000e+02   3.1500000e+02
  -9.4000000e+02   1.2500000e+02   3.5500000e+02
  -9.1100000e+02   1.2000000e+02   6.0300000e+02
  -8.4200000e+02   3.8000000e+01   6.0300000e+02
  -7.6100000e+02   4.2000000e+01   6.4300000e+02
  -6.4500000e+02   4.0000000e+01   7.8100000e+02
  -5.1800000e+02   5.9000000e+01   8.7100000e+02
  -3.7400000e+02   7.9000000e+01   9.7800000e+02
  -1.5400000e+02   1.0700000e+02   1.0480000e+03
   6.8000000e+01   7.9000000e+01   1.0120000e+03
   3.7200000e+02   6.1000000e+01   8.7300000e+02
   5.5200000e+02   2.4000000e+01   9.7900000e+02
   7.3800000e+02   5.5000000e+01   7.6900000e+02
   8.1400000e+02   6.0000000e+00   6.4300000e+02
   8.6600000e+02   4.1000000e+01   6.5800000e+02
   9.0400000e+02  -5.7000000e+01   4.7200000e+02
   9.3000000e+02  -3.6000000e+01   4.7500000e+02
   9.2900000e+02  -4.6000000e+01   4.5900000e+02
   8.9900000e+02  -1.4000000e+01   5.6900000e+02
   7.7700000e+02   4.0000000e+01   6.7500000e+02
   6.0000000e+02   5.7000000e+01   8.8700000e+02
   4.1600000e+02   5.8000000e+01   9.1400000e+02
   2.0000000e+02   6.0000000e+01   1.0340000e+03
   3.0000000e+01   2.2000000e+01   9.8800000e+02
  -1.3200000e+02  -1.5000000e+01   1.0440000e+03
  -2.5400000e+02  -3.0000000e+01   1.0160000e+03
  -4.1000000e+02  -1.8000000e+01   9.5400000e+02
  -5.2400000e+02   2.8000000e+01   9.0100000e+02
  -6.3500000e+02   1.8000000e+01   7.8200000e+02
  -7.2800000e+02   3.1000000e+01   7.4000000e+02
  -8.0300000e+02   1.1300000e+02   6.4300000e+02
  -8.8600000e+02   2.0400000e+02   4.3900000e+02
  -9.2700000e+02   3.0000000e+02   2.7600000e+02
  -9.4600000e+02   2.7400000e+02   2.0900000e+02
  -9.3400000e+02   2.9500000e+02   8.4000000e+01
  -9.2600000e+02   3.8400000e+02   1.4000000e+01
  -8.9000000e+02   4.8400000e+02  -7.6000000e+01
  -9.0200000e+02   4.2500000e+02  -6.4000000e+01
  -8.9300000e+02   4.0100000e+02  -6.8000000e+01
  -9.1900000e+02   3.8600000e+02   1.3300000e+02
  -8.9900000e+02   3.4000000e+02   1.7300000e+02
  -8.8800000e+02   3.3300000e+02   4.3700000e+02
  -8.2500000e+02   3.1500000e+02   4.9400000e+02
  -6.9700000e+02   3.0600000e+02   5.9000000e+02
  -6.0400000e+02   3.5300000e+02   7.1200000e+02
  -4.7000000e+02   3.6800000e+02   8.1700000e+02
  -2.7100000e+02   3.8100000e+02   9.5200000e+02
  -6.0000000e+00   2.6100000e+02   1.0130000e+03
   3.0600000e+02   2.1300000e+02   9.9400000e+02
   5.4500000e+02   1.5200000e+02   9.0800000e+02
   7.9000000e+02  -1.5000000e+01   7.4700000e+02
