  -9.7400000e+02   2.3400000e+02   8.2000000e+01
  -9.6500000e+02   1.8500000e+02   1.1600000e+02
  -9.5500000e+02   1.2100000e+02   2.8200000e+02
  -8.2200000e+02   5.3000000e+01   3.7100000e+02
  -6.4100000e+02   1.4400000e+02   6.7200000e+02
  -3.9900000e+02   1.7700000e+02   8.9000000e+02
  -1.0500000e+02   5.7000000e+01   9.9000000e+02
   2.5700000e+02   2.2000000e+01   1.0570000e+03
   5.4900000e+02  -1.4000000e+02   8.5700000e+02
   7.7700000e+02  -8.3000000e+01   7.7300000e+02
   9.1300000e+02  -2.0100000e+02   4.9900000e+02
   9.1400000e+02  -1.9100000e+02   4.2400000e+02
   9.2900000e+02  -1.3500000e+02   3.8100000e+02
   9.2500000e+02  -1.2300000e+02   4.7200000e+02
   8.2400000e+02  -8.5000000e+01   6.2700000e+02
   6.9000000e+02  -1.9000000e+01   8.4300000e+02
   4.6000000e+02  -1.0000000e+00   1.0250000e+03
   9.8000000e+01  -2.7000000e+01   1.0100000e+03
  -2.1000000e+02   3.8000000e+01   1.0200000e+03
  -4.8000000e+02   1.1400000e+02   8.5700000e+02
  -7.4800000e+02   1.5600000e+02   7.7900000e+02
  -8.5400000e+02   1.8800000e+02   4.9600000e+02
  -9.4300000e+02   9.7000000e+01   3.5900000e+02
  -9.4500000e+02   5.0000000e+01   1.5600000e+02
  -9.2500000e+02   2.9500000e+02  -9.4000000e+01
  -9.7000000e+02   1.7300000e+02   2.1400000e+02
  -9.3300000e+02   6.6000000e+01   3.3100000e+02
  -8.4500000e+02   5.8000000e+01   4.9400000e+02
  -6.9300000e+02   1.4500000e+02   7.4800000e+02
  -4.7500000e+02   2.2500000e+02   8.7900000e+02
  -1.8400000e+02   5.4000000e+01   1.0410000e+03
   6.3000000e+01   1.1200000e+02   1.0410000e+03
   2.5200000e+02   3.1000000e+01   1.0750000e+03
   5.1100000e+02  -2.2900000e+02   9.4400000e+02
   6.8100000e+02  -1.8400000e+02   8.5300000e+02
   7.3400000e+02  -1.8400000e+02   7.0700000e+02
   8.0800000e+02  -2.0300000e+02   6.0600000e+02
   8.5700000e+02  -2.6100000e+02   5.4600000e+02
   9.1600000e+02  -1.7300000e+02   4.1300000e+02
   9.3000000e+02  -2.0800000e+02   5.0900000e+02
   8.7000000e+02  -2.5400000e+02   5.7700000e+02
   6.9300000e+02  -3.0000000e+01   8.0300000e+02
   7.5500000e+02  -2.6000000e+01   9.2300000e+02
   3.4100000e+02  -7.4000000e+01   9.3100000e+02
   1.0200000e+02  -1.1000000e+02   1.0080000e+03
  -7.5000000e+01  -5.3000000e+01   1.0710000e+03
  -2.9000000e+02  -5.8000000e+01   1.0000000e+03
  -4.9100000e+02  -3.9000000e+01   9.6300000e+02
  -6.7700000e+02   3.8000000e+01   7.1900000e+02
  -8.4100000e+02   1.7100000e+02   4.3500000e+02
  -9.4700000e+02   1.8300000e+02   3.3800000e+02
  -9.7800000e+02   7.2000000e+01   2.0900000e+02
  -9.6700000e+02   1.1500000e+02   8.6000000e+01
  -9.2800000e+02   2.2600000e+02  -2.0800000e+02
  -8.7700000e+02   3.2000000e+02  -3.0000000e+02
  -9.5800000e+02   2.6000000e+02  -7.2000000e+01
  -9.7000000e+02   1.7700000e+02   4.4000000e+01
  -9.7200000e+02   1.1300000e+02   1.6400000e+02
  -9.1400000e+02   1.0000000e+02   4.2000000e+02
  -8.4300000e+02   6.0000000e+01   6.1300000e+02
  -7.4100000e+02   4.5000000e+01   6.9800000e+02
  -6.1400000e+02   1.0700000e+02   8.3600000e+02
  -4.9000000e+02   1.1900000e+02   9.5600000e+02
  -3.5400000e+02   1.3400000e+02   9.4200000e+02
  -2.2800000e+02   1.2100000e+02   1.0100000e+03
  -6.2000000e+01   1.8100000e+02   9.9200000e+02
   1.0200000e+02   2.0400000e+02   1.0170000e+03
   2.7000000e+02   1.9200000e+02   9.8000000e+02
   4.8300000e+02   4.4000000e+01   9.4200000e+02
   6.2200000e+02   1.3000000e+01   8.8400000e+02
   7.3100000e+02  -2.1000000e+01   7.0800000e+02
   8.3800000e+02  -8.7000000e+01   6.3600000e+02
   8.9900000e+02  -1.2800000e+02   5.1500000e+02
   9.0800000e+02  -1.2300000e+02   4.8100000e+02
   9.4000000e+02  -1.6000000e+02   3.6200000e+02
   9.4600000e+02  -8.9000000e+01   4.2300000e+02
   9.2800000e+02  -3.5000000e+01   4.5300000e+02
   8.6200000e+02  -2.8000000e+01   5.7900000e+02
   7.6900000e+02  -3.7000000e+01   6.9900000e+02
   6.3000000e+02  -2.7000000e+01   8.6100000e+02
   4.5500000e+02  -3.4000000e+01   9.6400000e+02
   2.7600000e+02  -2.6000000e+01   9.8500000e+02
   1.0800000e+02  -6.5000000e+01   1.0540000e+03
   1.3000000e+01  -8.3000000e+01   1.0030000e+03
  -2.1900000e+02  -7.2000000e+01   1.0150000e+03
  -3.6700000e+02  -7.1000000e+01   9.4800000e+02
  -5.4400000e+02   1.0600000e+02   8.7200000e+02
  -6.4000000e+02   1.7900000e+02   7.9400000e+02
  -7.5400000e+02   1.5300000e+02   6.6000000e+02
  -8.6400000e+02   4.4000000e+01   5.4900000e+02
  -9.1300000e+02   1.1500000e+02   5.2700000e+02
  -9.4800000e+02   9.2000000e+01   3.6800000e+02
  -9.8400000e+02   1.5300000e+02   9.5000000e+01
  -9.5800000e+02   1.3200000e+02  -2.5000000e+01
  -9.4300000e+02   2.6800000e+02  -1.5600000e+02
  -9.4600000e+02   2.9600000e+02  -9.6000000e+01
