  -1.8000000e+01  -8.4000000e+01   1.0210000e+03
  -5.0000000e+00  -9.8000000e+01   1.0750000e+03
  -5.0000000e+00  -9.8000000e+01   1.0750000e+03
  -2.4000000e+02   7.0000000e+00   1.0680000e+03
  -4.3100000e+02   1.5000000e+02   9.6700000e+02
  -6.0400000e+02  -4.1000000e+01   7.8200000e+02
  -7.6900000e+02   1.2600000e+02   6.2100000e+02
  -8.9200000e+02   5.0000000e+01   6.1300000e+02
  -9.1800000e+02   2.4500000e+02   2.8000000e+02
  -9.3100000e+02   3.6900000e+02  -1.2000000e+01
  -8.9800000e+02   4.4200000e+02   7.6000000e+01
  -9.3000000e+02   2.3300000e+02   2.1300000e+02
  -9.3500000e+02   1.2900000e+02   2.6900000e+02
  -8.7000000e+02  -9.0000000e+01   5.6000000e+02
  -7.6200000e+02  -1.6000000e+01   6.7900000e+02
  -5.8300000e+02  -2.6000000e+01   9.0000000e+02
  -4.2800000e+02  -1.0400000e+02   8.9400000e+02
  -2.3900000e+02  -1.9700000e+02   9.1400000e+02
  -2.3900000e+02  -1.9700000e+02   9.1400000e+02
  -5.6000000e+01  -1.3100000e+02   1.0830000e+03
  -1.6600000e+02  -2.8300000e+02   1.0600000e+03
  -3.7500000e+02  -2.0100000e+02   9.8700000e+02
  -5.8200000e+02  -1.0300000e+02   9.1700000e+02
  -7.2200000e+02  -7.4000000e+01   5.5200000e+02
  -9.2500000e+02  -4.4000000e+01   5.2700000e+02
  -9.4100000e+02   1.8000000e+02   2.7800000e+02
  -9.6500000e+02   2.8300000e+02   4.9000000e+01
  -9.6700000e+02   2.3700000e+02  -9.1000000e+01
  -9.0800000e+02   3.4100000e+02  -2.2400000e+02
  -9.1500000e+02   3.0300000e+02  -2.0600000e+02
  -9.5300000e+02   1.4700000e+02  -1.0500000e+02
  -9.9200000e+02   1.4800000e+02   1.2900000e+02
  -9.7600000e+02   1.2600000e+02   2.4500000e+02
  -9.2600000e+02   1.2400000e+02   4.0900000e+02
  -7.8500000e+02   6.0000000e+00   5.0600000e+02
  -6.7100000e+02  -2.2000000e+01   8.5600000e+02
  -5.0200000e+02   2.7000000e+01   9.7200000e+02
  -3.8500000e+02  -9.0000000e+00   9.9200000e+02
  -2.8500000e+02  -1.2700000e+02   1.0190000e+03
  -2.0000000e+02  -3.2000000e+01   1.0440000e+03
  -2.0800000e+02  -2.8000000e+01   1.0620000e+03
  -3.6000000e+02  -1.0000000e+01   9.9600000e+02
  -5.7300000e+02   4.6000000e+01   8.7700000e+02
  -7.6400000e+02  -1.3000000e+01   5.5100000e+02
  -9.2800000e+02   7.6000000e+01   4.9800000e+02
  -9.9800000e+02   1.4200000e+02   2.1600000e+02
  -9.8400000e+02   1.8500000e+02  -2.8000000e+01
  -9.5400000e+02   2.6900000e+02  -1.1400000e+02
  -9.0000000e+02   2.8000000e+02  -3.0600000e+02
  -9.7200000e+02   1.8300000e+02  -5.7000000e+01
  -9.4300000e+02   1.7300000e+02   1.1200000e+02
  -9.4200000e+02   8.1000000e+01   2.9800000e+02
  -8.6300000e+02   3.0000000e+01   5.3900000e+02
  -7.6400000e+02   1.0100000e+02   6.6900000e+02
  -6.0200000e+02   7.2000000e+01   7.6200000e+02
  -4.5700000e+02  -2.5000000e+01   1.0030000e+03
  -2.6400000e+02   3.9000000e+01   1.0180000e+03
  -1.6000000e+02   4.3000000e+01   1.0810000e+03
  -1.1300000e+02   2.9000000e+01   1.0950000e+03
  -1.6200000e+02  -4.0000000e+00   1.0170000e+03
  -2.8600000e+02   3.0000000e+00   1.0240000e+03
  -4.1300000e+02  -1.0000000e+00   9.7700000e+02
  -5.8800000e+02   4.8000000e+01   8.3100000e+02
  -7.2000000e+02   7.2000000e+01   6.7800000e+02
  -8.3000000e+02   1.6500000e+02   5.5600000e+02
  -9.3200000e+02   1.0800000e+02   4.3600000e+02
  -9.6500000e+02   2.4100000e+02   2.1300000e+02
  -9.2300000e+02   2.8800000e+02   6.1000000e+01
  -8.9800000e+02   4.2500000e+02  -1.0600000e+02
  -9.5400000e+02   2.5100000e+02   1.2700000e+02
  -9.3900000e+02   9.3000000e+01   3.3700000e+02
  -8.8600000e+02  -1.6000000e+01   4.9500000e+02
  -7.3000000e+02  -3.1000000e+01   6.6300000e+02
  -5.9300000e+02  -2.2100000e+02   9.1400000e+02
  -4.3300000e+02  -1.3100000e+02   8.6700000e+02
  -2.6600000e+02  -1.8800000e+02   9.9400000e+02
  -2.6600000e+02  -1.8800000e+02   9.9400000e+02
  -1.3800000e+02  -9.0000000e+00   1.0880000e+03
  -3.1800000e+02   6.6000000e+01   1.0040000e+03
  -4.9200000e+02   2.6000000e+01   8.4700000e+02
  -7.0200000e+02   2.5000000e+01   8.1800000e+02
  -8.2600000e+02   1.7500000e+02   5.2500000e+02
  -8.8700000e+02   2.4200000e+02   3.0600000e+02
  -1.0050000e+03   2.5900000e+02   8.7000000e+01
  -8.9700000e+02   2.7000000e+02  -1.9900000e+02
  -8.9600000e+02   3.8600000e+02  -2.1100000e+02
  -9.0600000e+02   2.7700000e+02  -1.3700000e+02
  -9.0800000e+02   1.5800000e+02   1.8400000e+02
  -8.6300000e+02   1.5600000e+02   6.0000000e+02
  -7.3500000e+02  -1.0200000e+02   6.8800000e+02
  -5.9500000e+02  -1.8100000e+02   8.3800000e+02
  -4.7400000e+02  -1.8800000e+02   9.4700000e+02
  -3.3000000e+02  -1.8000000e+02   9.6400000e+02
  -1.8900000e+02  -1.9000000e+02   1.0210000e+03
  -5.0000000e+01  -1.4500000e+02   1.0480000e+03
  -5.0000000e+01  -1.4500000e+02   1.0480000e+03
