   9.3100000e+02  -2.5400000e+02   3.1400000e+02
   9.2600000e+02  -2.5600000e+02   4.0500000e+02
   8.9800000e+02  -3.0900000e+02   4.2900000e+02
   8.3200000e+02  -2.7500000e+02   5.3000000e+02
   7.4600000e+02  -2.8800000e+02   6.7500000e+02
   6.1700000e+02  -2.9800000e+02   7.7800000e+02
   4.8300000e+02  -2.3900000e+02   9.4200000e+02
   3.0100000e+02  -2.4200000e+02   9.5100000e+02
   1.0000000e+02  -2.1000000e+02   1.0040000e+03
  -3.1000000e+01  -2.3600000e+02   1.0130000e+03
  -2.0200000e+02  -2.3400000e+02   1.0570000e+03
  -3.8800000e+02  -2.2500000e+02   9.3300000e+02
  -5.4900000e+02  -1.8100000e+02   8.2000000e+02
  -6.8200000e+02  -1.8000000e+02   7.7900000e+02
  -7.9900000e+02  -1.0000000e+00   7.0100000e+02
  -8.9800000e+02   1.1800000e+02   4.6000000e+02
  -9.1800000e+02   3.0000000e+01   4.1200000e+02
  -9.6800000e+02   1.4200000e+02   2.4800000e+02
  -9.7100000e+02   8.9000000e+01   1.8300000e+02
  -9.5800000e+02   1.4600000e+02   1.4700000e+02
  -9.7200000e+02   3.5300000e+02   8.0000000e+00
  -9.4000000e+02   2.8600000e+02  -2.7000000e+01
  -9.7700000e+02   2.6700000e+02   1.5400000e+02
  -9.4600000e+02   1.8100000e+02   2.2200000e+02
  -9.0200000e+02   1.8000000e+02   3.0400000e+02
  -8.8300000e+02   1.8200000e+02   5.0300000e+02
  -7.9600000e+02   2.1500000e+02   6.1600000e+02
  -7.1400000e+02   1.7100000e+02   7.3300000e+02
  -6.0900000e+02   1.2000000e+02   8.0600000e+02
  -4.3500000e+02   1.5400000e+02   8.1800000e+02
  -2.9000000e+02   1.9500000e+02   9.7800000e+02
  -1.6800000e+02   2.2800000e+02   1.0120000e+03
  -2.7000000e+01   2.4300000e+02   9.9400000e+02
   1.5700000e+02   1.9800000e+02   1.0280000e+03
   3.1600000e+02   6.9000000e+01   9.9800000e+02
   4.3300000e+02  -1.1000000e+01   9.2700000e+02
   6.3800000e+02  -6.0000000e+01   8.3700000e+02
   7.4000000e+02  -1.3900000e+02   7.0500000e+02
   8.0000000e+02  -1.0400000e+02   6.2500000e+02
   8.6200000e+02  -1.3700000e+02   5.3800000e+02
   9.7200000e+02  -2.1400000e+02   4.3300000e+02
   9.3500000e+02  -2.1300000e+02   4.0500000e+02
   9.2700000e+02  -2.2600000e+02   4.3100000e+02
   8.5200000e+02  -1.7800000e+02   5.7300000e+02
   7.6700000e+02  -1.9700000e+02   6.7900000e+02
   6.2000000e+02  -1.4000000e+02   8.2900000e+02
   4.5400000e+02  -8.8000000e+01   9.8200000e+02
   2.3600000e+02  -6.8000000e+01   9.9500000e+02
  -5.0000000e+00  -9.0000000e+00   1.0240000e+03
  -2.2600000e+02   2.2000000e+01   9.6900000e+02
  -3.9700000e+02   5.7000000e+01   1.0150000e+03
  -5.3400000e+02   7.5000000e+01   9.0100000e+02
  -6.7800000e+02   9.4000000e+01   7.1800000e+02
  -8.1300000e+02   3.8000000e+01   6.3500000e+02
  -9.3300000e+02  -1.7000000e+01   4.0700000e+02
  -9.4400000e+02   1.1000000e+01   3.8700000e+02
  -9.9200000e+02   4.9000000e+01   1.7500000e+02
  -9.9200000e+02   1.2800000e+02   8.5000000e+01
  -9.9900000e+02   1.3700000e+02   2.5000000e+01
  -1.0040000e+03   1.1300000e+02   8.6000000e+01
  -9.8500000e+02   7.9000000e+01   1.9400000e+02
  -9.7000000e+02   9.1000000e+01   3.3200000e+02
  -9.4400000e+02   6.2000000e+01   4.3500000e+02
  -8.7900000e+02   6.5000000e+01   5.3900000e+02
  -7.7200000e+02   1.7000000e+01   6.4500000e+02
  -6.7900000e+02  -2.9000000e+01   8.1600000e+02
  -5.3600000e+02  -1.0200000e+02   8.8000000e+02
  -4.0500000e+02  -7.3000000e+01   9.2800000e+02
  -2.8800000e+02  -3.7000000e+01   1.0110000e+03
  -1.6500000e+02  -7.1000000e+01   1.0640000e+03
  -2.5000000e+01  -1.6600000e+02   1.0060000e+03
   1.6100000e+02  -8.6000000e+01   1.0600000e+03
   3.1600000e+02  -8.4000000e+01   9.7500000e+02
   4.8300000e+02  -1.1500000e+02   9.2100000e+02
   6.2000000e+02  -1.5000000e+02   8.3700000e+02
   7.1700000e+02  -1.6200000e+02   7.0900000e+02
   7.9800000e+02  -1.3800000e+02   6.7100000e+02
   8.5000000e+02  -1.2600000e+02   5.4900000e+02
   8.7900000e+02  -1.4400000e+02   5.0600000e+02
   8.8900000e+02  -1.4700000e+02   4.2500000e+02
   8.8300000e+02  -1.2500000e+02   4.6800000e+02
   8.4100000e+02  -1.5400000e+02   5.8900000e+02
   7.7600000e+02  -1.0800000e+02   7.2700000e+02
   6.5900000e+02  -7.8000000e+01   8.2900000e+02
   4.7900000e+02  -7.0000000e+00   9.5400000e+02
   2.4400000e+02  -1.0000000e+00   9.4700000e+02
   4.0000000e+00   3.5000000e+01   1.0750000e+03
  -2.5300000e+02   2.2300000e+02   9.8200000e+02
  -4.4400000e+02   4.7000000e+01   8.4500000e+02
  -6.6500000e+02   1.0000000e+01   7.9500000e+02
  -7.8200000e+02  -8.6000000e+01   7.6200000e+02
  -8.5900000e+02  -6.6000000e+01   4.7600000e+02
  -9.5200000e+02  -2.4000000e+01   4.2300000e+02
  -9.7900000e+02   1.6000000e+01   1.7800000e+02
  -9.7600000e+02   2.0000000e+01   1.2100000e+02
  -1.0170000e+03   1.5900000e+02  -4.0000000e+00
